0.733023 0.995859 0.368740 0.234064 0.022248 0.459863 0.803003 0.695447 0.243577 0.938348 0.976388 0.073560 0.366103 0.519428 0.544219
0.450634 0.625649 0.053242 0.922604 0.264112 0.367454 0.022075 0.637529 0.002389 0.667007 0.350223 0.529341 0.577058 0.150406 0.105260
0.324827 0.755863 0.520899 0.814238 0.219134 0.434686 0.334053 0.537810 0.615943 0.803412 0.978651 0.510159 0.613678 0.618275 0.731072
0.370115 0.906968 0.138897 0.433830 0.392292 0.578377 0.838248 0.979859 0.742858 0.629174 0.085098 0.524767 0.082372 0.929764 0.243160
0.189675 0.505534 0.848484 0.020646 0.304905 0.220170 0.066828 0.284772 0.686786 0.272562 0.681268 0.079975 0.906390 0.993667 0.594457
0.138321 0.560523 0.527059 0.132769 0.309987 0.771133 0.845087 0.121959 0.125811 0.281274 0.688428 0.665511 0.385523 0.431720 0.437794
0.237869 0.468248 0.324361 0.037224 0.440541 0.813803 0.980399 0.276735 0.921183 0.950043 0.355787 0.790903 0.030173 0.266312 0.304335
0.222566 0.363361 0.955124 0.261672 0.598255 0.297003 0.453672 0.613073 0.496701 0.972509 0.286467 0.865861 0.971491 0.469199 0.005423
0.252976 0.291465 0.926730 0.408459 0.141247 0.607767 0.918114 0.526758 0.352446 0.701716 0.469039 0.690685 0.512283 0.465280 0.627081
0.484761 0.162698 0.058416 0.499553 0.198115 0.450780 0.244536 0.052621 0.699755 0.703534 0.803705 0.904611 0.514280 0.312263 0.615132
0.288919 0.725673 0.825907 0.439900 0.901581 0.655000 0.535032 0.651585 0.053427 0.067501 0.510991 0.945918 0.267792 0.945608 0.267183
0.095047 0.520816 0.042935 0.317812 0.543823 0.335380 0.087205 0.808790 0.138196 0.411049 0.902277 0.823331 0.096260 0.611960 0.582846
0.423181 0.026238 0.398709 0.299763 0.505931 0.818427 0.805386 0.000834 0.585775 0.113371 0.356169 0.260445 0.075960 0.632030 0.231028
0.539855 0.891133 0.719872 0.934940 0.497670 0.809577 0.279636 0.631595 0.605018 0.653802 0.909513 0.825882 0.753352 0.716340 0.008397
0.162880 0.254961 0.840270 0.184497 0.633449 0.356701 0.133641 0.526561 0.810341 0.562887 0.130018 0.833028 0.629844 0.235799 0.962643
0.919745 0.192736 0.769434 0.765142 0.918324 0.459871 0.217369 0.584354 0.157190 0.708414 0.244600 0.517952 0.549774 0.410935 0.664434
0.207002 0.284953 0.784672 0.409803 0.089376 0.515818 0.957999 0.925405 0.179416 0.611219 0.968415 0.444313 0.199089 0.583579 0.129697
0.670627 0.001174 0.293326 0.322590 0.986957 0.038498 0.350045 0.370185 0.541162 0.589300 0.221111 0.304598 0.390255 0.317269 0.767099
0.088757 0.880208 0.469656 0.564869 0.386372 0.596650 0.031611 0.384802 0.588284 0.931524 0.901282 0.467917 0.357786 0.518749 0.495087
0.731223 0.023158 0.505074 0.357702 0.371982 0.684302 0.181037 0.200817 0.659117 0.820072 0.098815 0.876468 0.000372 0.587209 0.267414
0.602653 0.935774 0.207182 0.669156 0.564014 0.153787 0.178599 0.881078 0.306239 0.226370 0.352977 0.671895 0.910356 0.390661 0.373647
0.797249 0.869572 0.060762 0.539932 0.158308 0.373833 0.620701 0.372732 0.548872 0.598910 0.063642 0.021356 0.489249 0.166216 0.632955
0.852016 0.037913 0.486246 0.251724 0.401324 0.190148 0.468673 0.234983 0.554371 0.247653 0.003391 0.978101 0.039693 0.324403 0.804320
0.641927 0.510882 0.801929 0.402005 0.040595 0.109688 0.352224 0.405199 0.238755 0.421701 0.295344 0.601780 0.079517 0.167706 0.901001
0.058063 0.469365 0.052379 0.494890 0.449099 0.386740 0.237936 0.713702 0.787343 0.910625 0.033198 0.568330 0.144716 0.399355 0.468859
0.800802 0.608375 0.859524 0.371294 0.974279 0.809680 0.178334 0.683032 0.211371 0.032065 0.963661 0.823556 0.802637 0.385414 0.061556
0.250135 0.550249 0.145870 0.771524 0.863870 0.922231 0.308950 0.872530 0.812258 0.956251 0.987452 0.851605 0.010803 0.152329 0.119352
0.090130 0.132620 0.807945 0.836214 0.086976 0.062017 0.299729 0.942396 0.392880 0.728517 0.262364 0.878133 0.700400 0.045853 0.941993
0.870167 0.091106 0.044658 0.188170 0.529452 0.764646 0.442556 0.614530 0.309578 0.169399 0.003677 0.937588 0.595847 0.952605 0.124820
0.572197 0.934691 0.488697 0.754403 0.826489 0.734631 0.704119 0.181686 0.161510 0.917437 0.899213 0.726968 0.039147 0.706428 0.731806
0.895151 0.453576 0.103093 0.939464 0.448187 0.125396 0.396981 0.086908 0.714564 0.288325 0.458383 0.813896 0.550874 0.229016 0.004734
0.225474 0.545240 0.869369 0.108693 0.450914 0.887209 0.760644 0.336533 0.558955 0.194851 0.218372 0.946890 0.737056 0.033284 0.174932
0.166576 0.211811 0.274681 0.859528 0.287465 0.064011 0.727533 0.970240 0.942306 0.776482 0.755463 0.731833 0.985691 0.137812 0.398234
0.451186 0.431200 0.642539 0.274474 0.548973 0.321264 0.748373 0.556503 0.759992 0.745212 0.195221 0.805457 0.316813 0.309679 0.704738
0.937570 0.503724 0.706965 0.969745 0.034725 0.651307 0.124744 0.287414 0.660074 0.035556 0.758508 0.949520 0.255128 0.947525 0.208746
0.891101 0.075264 0.352613 0.943469 0.366891 0.432258 0.276347 0.922180 0.144160 0.963106 0.255635 0.960581 0.792382 0.000988 0.662533
0.220745 0.544438 0.976061 0.174748 0.290834 0.252929 0.680599 0.772615 0.844844 0.288037 0.395555 0.829025 0.552942 0.914509 0.774393
0.038888 0.421717 0.099478 0.067641 0.514434 0.440475 0.319214 0.532594 0.327150 0.479823 0.873068 0.091122 0.863796 0.507585 0.712940
0.958047 0.803777 0.319069 0.731639 0.272392 0.654925 0.451079 0.682217 0.583529 0.283461 0.214377 0.715690 0.205341 0.168279 0.966992
0.880623 0.625395 0.401820 0.343910 0.870481 0.555771 0.763669 0.977547 0.754706 0.655220 0.938146 0.856566 0.047247 0.585120 0.649023
0.966102 0.804330 0.105193 0.959474 0.419266 0.360955 0.962247 0.729830 0.246962 0.044290 0.385818 0.114246 0.702941 0.410768 0.048629
0.606321 0.849794 0.694385 0.699365 0.740680 0.760441 0.533867 0.694739 0.492891 0.863020 0.251145 0.900679 0.913588 0.908450 0.356402
0.457084 0.232811 0.460602 0.382536 0.093321 0.609880 0.656535 0.146881 0.853601 0.844352 0.844435 0.312338 0.997041 0.701753 0.840878
0.151818 0.829122 0.115979 0.950169 0.275705 0.678495 0.480132 0.692215 0.026508 0.794366 0.636115 0.098103 0.138339 0.288758 0.663779
0.621189 0.247551 0.308708 0.045821 0.766831 0.226509 0.406295 0.164160 0.178523 0.668781 0.978083 0.624103 0.606301 0.280375 0.752838
0.492436 0.828066 0.972204 0.263505 0.409398 0.698467 0.252958 0.897514 0.549066 0.039722 0.584201 0.976674 0.932162 0.084633 0.066742
0.983898 0.608886 0.366558 0.609054 0.647414 0.183641 0.180319 0.444005 0.608836 0.258404 0.327794 0.487424 0.049285 0.003425 0.484401
0.511101 0.626174 0.639563 0.021598 0.289457 0.810470 0.726707 0.280081 0.058825 0.554667 0.978678 0.458987 0.119755 0.513842 0.359908
0.642797 0.836615 0.745347 0.732048 0.261561 0.042796 0.058770 0.521742 0.471727 0.174570 0.875296 0.495341 0.037286 0.978927 0.151513
0.701012 0.257273 0.532446 0.072037 0.293663 0.987778 0.293436 0.689415 0.902749 0.373985 0.419567 0.239850 0.282742 0.337218 0.791008
0.544150 0.349153 0.948373 0.186196 0.081282 0.594643 0.547811 0.315665 0.650967 0.229506 0.653352 0.780715 0.369883 0.213242 0.110540
0.755498 0.437077 0.124894 0.659809 0.777727 0.146647 0.908119 0.490436 0.352945 0.051492 0.508180 0.629295 0.599730 0.893271 0.193692
0.446654 0.397446 0.856840 0.071857 0.723216 0.128291 0.662052 0.840463 0.609880 0.957681 0.767732 0.995889 0.634110 0.693255 0.914562
0.984481 0.531927 0.218106 0.903446 0.727883 0.812808 0.479010 0.740718 0.255432 0.577600 0.087238 0.632558 0.722033 0.945598 0.597668
0.098934 0.331095 0.120198 0.134149 0.250329 0.984944 0.685081 0.022176 0.442751 0.560923 0.371029 0.541009 0.011219 0.628670 0.118005
0.815226 0.901011 0.941925 0.568514 0.884584 0.474457 0.132116 0.916149 0.616514 0.199329 0.947811 0.902320 0.358532 0.083207 0.494054
0.054884 0.070847 0.795262 0.618647 0.565006 0.756124 0.573042 0.969437 0.515309 0.496403 0.490835 0.185657 0.913162 0.408464 0.803189
0.374775 0.370294 0.830924 0.369184 0.573843 0.520684 0.444218 0.838480 0.922894 0.301447 0.019031 0.584684 0.976248 0.960687 0.932240
0.762098 0.567827 0.310599 0.815746 0.153095 0.065944 0.137670 0.093747 0.774518 0.032452 0.434404 0.175140 0.422189 0.772525 0.761828
0.216095 0.276286 0.157450 0.121195 0.838148 0.345944 0.667811 0.381973 0.946631 0.426629 0.906335 0.987248 0.853420 0.304834 0.248806
0.076969 0.596689 0.356141 0.070469 0.615700 0.077140 0.473819 0.471776 0.531838 0.812638 0.636570 0.820203 0.403005 0.982232 0.151048
0.193728 0.622971 0.427902 0.201698 0.811637 0.573221 0.962878 0.964129 0.156455 0.421073 0.494227 0.458339 0.602972 0.168880 0.022385
0.696615 0.446194 0.766267 0.351817 0.599456 0.977152 0.281769 0.354482 0.668988 0.644414 0.006175 0.872036 0.825433 0.737658 0.788663
0.565185 0.589224 0.740563 0.198940 0.442356 0.855408 0.278984 0.899201 0.666149 0.464727 0.742447 0.595698 0.271545 0.677085 0.667733
0.921991 0.252634 0.602367 0.496646 0.077702 0.302311 0.489351 0.662914 0.624555 0.022296 0.858136 0.548007 0.750373 0.827126 0.468897
0.899561 0.314341 0.940663 0.441298 0.522206 0.813309 0.911670 0.769399 0.917729 0.481185 0.329189 0.096930 0.388077 0.951828 0.128318
0.455174 0.836687 0.788177 0.152118 0.969669 0.867655 0.746885 0.324523 0.500682 0.488937 0.631489 0.336304 0.896553 0.937065 0.635906
0.103692 0.396592 0.451437 0.577205 0.081158 0.523139 0.923790 0.138129 0.764176 0.466964 0.108708 0.596168 0.648986 0.897244 0.062954
0.793636 0.962810 0.327724 0.798679 0.310741 0.877185 0.454845 0.050468 0.816231 0.628395 0.241608 0.938837 0.418075 0.332072 0.120107
0.328231 0.876659 0.501377 0.774017 0.978850 0.300703 0.620761 0.336170 0.344900 0.204113 0.637625 0.123577 0.497039 0.532691 0.894769
0.318155 0.338898 0.027568 0.386905 0.579090 0.295736 0.807506 0.184457 0.155054 0.643627 0.913672 0.924107 0.938973 0.397963 0.477311
0.084949 0.188788 0.353820 0.466635 0.982489 0.394748 0.013670 0.607841 0.029021 0.083083 0.898561 0.799867 0.157130 0.103924 0.844144
0.076697 0.254159 0.163371 0.172633 0.280697 0.282269 0.614949 0.205282 0.188063 0.984207 0.162760 0.653706 0.601952 0.790044 0.478648
0.761445 0.194665 0.375608 0.804955 0.044342 0.947803 0.469368 0.570225 0.542269 0.892258 0.991171 0.412183 0.196478 0.944895 0.079974
0.517011 0.614011 0.261692 0.622247 0.224402 0.112290 0.796737 0.167464 0.204905 0.631279 0.092920 0.036383 0.843709 0.800141 0.699569
0.223147 0.689687 0.427058 0.224086 0.159303 0.973553 0.801607 0.680443 0.687389 0.102570 0.337590 0.280246 0.336734 0.575906 0.693076
0.368025 0.729688 0.763670 0.018163 0.839847 0.038378 0.874446 0.681911 0.229916 0.982085 0.157460 0.422667 0.698038 0.376074 0.358733
0.904583 0.522638 0.923642 0.794608 0.058176 0.195534 0.186324 0.359155 0.333107 0.403546 0.947411 0.155955 0.824093 0.515761 0.213227
0.819850 0.527670 0.980873 0.663429 0.249365 0.713000 0.455292 0.931921 0.388333 0.470075 0.793066 0.076552 0.428600 0.505821 0.662413
0.553221 0.005474 0.873904 0.883395 0.642205 0.239258 0.654312 0.625532 0.307017 0.002026 0.768027 0.908669 0.636522 0.513247 0.530508
0.291447 0.885066 0.615134 0.758957 0.930192 0.193858 0.948723 0.500554 0.373953 0.853340 0.816783 0.099337 0.722131 0.022593 0.691829
0.245236 0.755284 0.373560 0.036110 0.297568 0.683201 0.947452 0.940716 0.204059 0.030069 0.150061 0.423610 0.329399 0.402149 0.164727
0.096620 0.135116 0.872587 0.795571 0.124626 0.460364 0.958781 0.903334 0.173136 0.342224 0.068156 0.720344 0.370614 0.260293 0.714090
0.103823 0.460124 0.822724 0.866763 0.961710 0.277820 0.018566 0.974460 0.904424 0.150030 0.249788 0.422733 0.211607 0.698136 0.968417
0.019349 0.342868 0.456203 0.274498 0.990937 0.555401 0.531108 0.271723 0.323893 0.508382 0.384039 0.497302 0.629795 0.346494 0.510547
0.118874 0.521181 0.635578 0.960696 0.202391 0.752782 0.035249 0.243845 0.474919 0.192361 0.758740 0.048677 0.663715 0.354989 0.520473
0.548994 0.667070 0.920869 0.232706 0.565624 0.469869 0.744683 0.926738 0.101915 0.212568 0.126811 0.095121 0.359103 0.085592 0.478948
0.177975 0.227364 0.152435 0.134573 0.903786 0.962789 0.202993 0.601790 0.178662 0.858265 0.668236 0.285022 0.151051 0.460183 0.487887
0.481715 0.862312 0.614527 0.305749 0.241434 0.580116 0.426741 0.958418 0.382296 0.573329 0.206340 0.635768 0.485250 0.358462 0.531340
0.018582 0.510213 0.080895 0.097967 0.127931 0.553749 0.883946 0.559388 0.808150 0.473879 0.350879 0.280892 0.981366 0.526946 0.806747
0.046201 0.743079 0.873957 0.843167 0.189321 0.545864 0.933949 0.754771 0.311150 0.648457 0.725993 0.706976 0.056064 0.032161 0.105574
0.289289 0.560685 0.144651 0.249768 0.096188 0.038989 0.201258 0.204744 0.204239 0.791366 0.204067 0.425741 0.754773 0.317890 0.454939
0.050223 0.001927 0.656686 0.846913 0.032014 0.656373 0.855861 0.791420 0.295872 0.809795 0.084586 0.377915 0.461981 0.019499 0.394697
0.444734 0.591244 0.198397 0.917194 0.122793 0.403883 0.850719 0.451590 0.328960 0.468824 0.244978 0.612594 0.261841 0.520183 0.200552
0.849230 0.876538 0.873747 0.492656 0.780138 0.177303 0.614438 0.138748 0.674931 0.503138 0.017389 0.564254 0.279354 0.279435 0.436950
0.885652 0.923756 0.885826 0.904143 0.448644 0.577943 0.618010 0.991114 0.175950 0.305433 0.826216 0.299467 0.016562 0.256553 0.570585
0.874978 0.104250 0.015540 0.467638 0.783725 0.848136 0.114645 0.204045 0.986654 0.400538 0.970678 0.217260 0.309612 0.397739 0.464911
0.315071 0.612793 0.510642 0.994037 0.789944 0.073719 0.882284 0.058360 0.763466 0.647676 0.859765 0.312109 0.296511 0.207380 0.386070
0.208441 0.299155 0.893021 0.710889 0.270708 0.052618 0.327276 0.779567 0.087078 0.312274 0.907013 0.698315 0.228502 0.612617 0.445295
0.187203 0.026191 0.724248 0.944383 0.249491 0.005773 0.211065 0.347461 0.205009 0.904000 0.432421 0.373350 0.068393 0.974688 0.973589
0.663469 0.343551 0.528660 0.588860 0.405864 0.503057 0.179194 0.390593 0.175213 0.076099 0.732559 0.568735 0.280697 0.047229 0.409006
0.686830 0.875991 0.328618 0.735664 0.291523 0.012729 0.549205 0.179545 0.059683 0.236159 0.893230 0.619404 0.774854 0.359152 0.102877
0.159299 0.134852 0.980674 0.232960 0.450367 0.407578 0.955741 0.582245 0.481864 0.303789 0.103175 0.027177 0.056914 0.705677 0.832964
0.784217 0.204131 0.678808 0.746412 0.754228 0.055810 0.359368 0.576736 0.899330 0.012238 0.372780 0.610149 0.658873 0.615770 0.111299
0.779180 0.327300 0.602690 0.681255 0.188269 0.389351 0.516898 0.308602 0.782016 0.000008 0.910027 0.323602 0.257739 0.471447 0.663900
0.005272 0.121418 0.356645 0.805800 0.833036 0.874530 0.277902 0.304378 0.846214 0.781122 0.236563 0.858641 0.513301 0.435132 0.708765
0.047562 0.991295 0.601257 0.629329 0.811816 0.216497 0.914403 0.263432 0.897933 0.606382 0.000363 0.281966 0.345722 0.435937 0.608200
0.258328 0.771533 0.682132 0.957424 0.948754 0.365578 0.151684 0.169276 0.701919 0.574264 0.827236 0.428178 0.614346 0.576608 0.924388
0.379337 0.251695 0.592488 0.062686 0.753022 0.531716 0.523664 0.032826 0.307783 0.828263 0.615624 0.785799 0.237608 0.445531 0.462308
0.644985 0.797947 0.659982 0.204623 0.400169 0.000351 0.428540 0.747613 0.817249 0.671062 0.075517 0.567974 0.145853 0.408524 0.675525
0.458246 0.434340 0.035091 0.215724 0.959842 0.737257 0.672513 0.445220 0.674713 0.520459 0.208454 0.860731 0.947256 0.292524 0.972309
0.902090 0.126381 0.804202 0.633734 0.037602 0.306567 0.772887 0.985582 0.099474 0.980063 0.008470 0.463703 0.346057 0.946719 0.895832
0.052712 0.012028 0.819673 0.826742 0.927528 0.727739 0.289766 0.128958 0.301764 0.259574 0.060224 0.942255 0.618253 0.717459 0.495625
0.295560 0.023274 0.511645 0.254259 0.943723 0.235260 0.816104 0.583178 0.652575 0.733994 0.763645 0.895435 0.965087 0.087964 0.160509
0.708851 0.982696 0.500189 0.989550 0.424788 0.311342 0.216973 0.412844 0.219215 0.786623 0.685058 0.199341 0.305597 0.542624 0.177421
0.160249 0.251580 0.315210 0.946810 0.927089 0.187996 0.026177 0.683984 0.407067 0.932707 0.655375 0.618869 0.547659 0.217257 0.600209
0.600165 0.742289 0.577083 0.426558 0.071035 0.364595 0.751303 0.299859 0.699588 0.216739 0.212044 0.058751 0.399408 0.670453 0.961296
0.106105 0.959422 0.757667 0.193114 0.613356 0.270342 0.284145 0.043591 0.044848 0.791537 0.440671 0.238415 0.343741 0.572559 0.895561
0.287237 0.609162 0.081549 0.743665 0.196332 0.473756 0.556631 0.230079 0.874646 0.960954 0.267205 0.254041 0.526365 0.099617 0.442551
0.314832 0.536464 0.117039 0.228657 0.160018 0.384270 0.954048 0.008727 0.900799 0.797924 0.094340 0.619633 0.249236 0.522170 0.520212
0.099172 0.645781 0.856859 0.688539 0.929254 0.362278 0.750522 0.936978 0.738687 0.337197 0.001313 0.987641 0.367992 0.586941 0.277831
0.996073 0.298520 0.966568 0.528153 0.090570 0.003018 0.618632 0.788918 0.322852 0.204245 0.559192 0.843495 0.547671 0.313580 0.844175
0.077687 0.501584 0.492622 0.930657 0.670138 0.984375 0.928119 0.133151 0.966315 0.306593 0.418044 0.591828 0.379487 0.472805 0.224482
0.618033 0.961578 0.696091 0.661765 0.984908 0.299205 0.899827 0.983401 0.840081 0.252971 0.394864 0.747455 0.685403 0.299720 0.970301
0.897714 0.922819 0.051807 0.367332 0.025355 0.121452 0.443727 0.666395 0.181074 0.384972 0.864814 0.347852 0.861765 0.145238 0.184105
0.375329 0.677581 0.680343 0.869217 0.097872 0.183954 0.230946 0.193140 0.737047 0.044032 0.950103 0.837230 0.714847 0.357189 0.944143
0.236033 0.967642 0.183048 0.691636 0.321470 0.053647 0.042621 0.250698 0.114810 0.049015 0.807620 0.206295 0.221739 0.962346 0.030449
0.776513 0.482857 0.850811 0.406853 0.079379 0.310671 0.249335 0.253274 0.806710 0.366440 0.664011 0.817417 0.888482 0.509992 0.811369
0.607572 0.432335 0.655828 0.776963 0.470816 0.923982 0.464129 0.719424 0.394446 0.663163 0.824643 0.375240 0.878033 0.035916 0.896342
0.400988 0.106551 0.219396 0.630159 0.458049 0.579097 0.698027 0.802924 0.840231 0.354960 0.409927 0.911783 0.364979 0.644606 0.522709
0.216437 0.956136 0.981015 0.596321 0.443369 0.944214 0.457723 0.436493 0.780569 0.953730 0.317607 0.685759 0.624130 0.827959 0.443142
0.659878 0.093626 0.697002 0.191658 0.864260 0.879244 0.287081 0.200918 0.042131 0.466992 0.328982 0.661634 0.416742 0.474148 0.204716
0.875969 0.918196 0.180628 0.849039 0.944084 0.653825 0.415584 0.782938 0.032494 0.580061 0.747188 0.469653 0.298827 0.686141 0.627151
0.190599 0.662200 0.345917 0.086305 0.119269 0.479535 0.217522 0.278434 0.326308 0.199030 0.086988 0.027000 0.923735 0.581386 0.557132
0.373597 0.670228 0.230674 0.422157 0.896731 0.072392 0.916965 0.666370 0.168363 0.703890 0.908152 0.534935 0.599186 0.211496 0.419523
0.882286 0.160028 0.911934 0.450381 0.728275 0.230845 0.147889 0.288192 0.047136 0.809287 0.413880 0.440059 0.157856 0.983428 0.389265
0.796390 0.798619 0.638259 0.157793 0.759120 0.174414 0.788485 0.590748 0.534709 0.505206 0.533809 0.169671 0.871933 0.273676 0.327167
0.137118 0.591090 0.644689 0.494477 0.556935 0.782071 0.625767 0.038012 0.746952 0.808315 0.527557 0.675976 0.954362 0.490047 0.463461
0.860312 0.236533 0.975759 0.965603 0.917823 0.266928 0.439122 0.478755 0.204949 0.396772 0.361679 0.775259 0.139949 0.262284 0.348746
0.994010 0.753356 0.867173 0.871344 0.046416 0.105705 0.121015 0.693648 0.770225 0.232180 0.134632 0.567220 0.771481 0.478574 0.446841
0.915365 0.111453 0.999076 0.132713 0.709534 0.960591 0.143027 0.865911 0.279066 0.496284 0.524434 0.402479 0.377579 0.739490 0.069284
0.400471 0.626543 0.909488 0.835117 0.917433 0.464111 0.654094 0.899737 0.400066 0.081639 0.072532 0.779159 0.785989 0.136312 0.854315
0.932941 0.327927 0.170234 0.388050 0.466584 0.765872 0.038107 0.282193 0.369803 0.677697 0.808111 0.116455 0.928662 0.783198 0.735388
0.994158 0.769691 0.161073 0.624330 0.861107 0.424753 0.522722 0.028613 0.958091 0.812565 0.580732 0.398043 0.163978 0.119830 0.574101
0.456292 0.249921 0.352302 0.578448 0.594416 0.181329 0.714296 0.305891 0.148397 0.429946 0.493111 0.793182 0.662842 0.763641 0.306203
0.868592 0.276951 0.521630 0.769260 0.675983 0.576763 0.242118 0.599827 0.757049 0.652982 0.994144 0.434259 0.976277 0.492025 0.944758
0.436555 0.079937 0.181262 0.652344 0.587479 0.104082 0.415826 0.778376 0.999385 0.873887 0.475190 0.330775 0.287672 0.929306 0.803311
0.686714 0.238603 0.322691 0.831077 0.892722 0.216874 0.595936 0.368699 0.112426 0.368443 0.758344 0.651086 0.588149 0.263938 0.398894
0.245164 0.509672 0.450899 0.901269 0.939244 0.744669 0.024602 0.452084 0.429183 0.930040 0.427435 0.854960 0.716790 0.409490 0.351141
0.358885 0.451251 0.637570 0.007978 0.841375 0.370952 0.872605 0.705015 0.134699 0.718379 0.073331 0.605059 0.729890 0.653954 0.944796
0.192444 0.609960 0.199513 0.624353 0.564622 0.195215 0.328110 0.456453 0.491966 0.917062 0.854569 0.292965 0.989330 0.896024 0.422294
0.346679 0.399997 0.425700 0.042277 0.275058 0.234292 0.257004 0.725985 0.440760 0.488110 0.779642 0.206713 0.517199 0.867054 0.609444
0.254334 0.676376 0.049807 0.930469 0.277571 0.803770 0.729967 0.711190 0.937275 0.849785 0.446818 0.544301 0.351025 0.858578 0.498566
0.802388 0.583232 0.588367 0.831387 0.683548 0.543196 0.982958 0.907991 0.997914 0.706811 0.434678 0.667132 0.553440 0.326771 0.051288
0.853111 0.426406 0.147980 0.557260 0.247587 0.568589 0.234637 0.316547 0.767110 0.499612 0.230839 0.180599 0.208664 0.374866 0.355165
0.785689 0.590215 0.234901 0.761648 0.319849 0.783960 0.216419 0.955506 0.702240 0.541859 0.094463 0.907524 0.883219 0.633938 0.684138
0.239633 0.169428 0.688966 0.315763 0.878828 0.295660 0.398950 0.397906 0.046258 0.532357 0.847469 0.533264 0.725962 0.758368 0.947963
0.527669 0.640593 0.344451 0.287486 0.785477 0.105089 0.926593 0.266888 0.588796 0.174830 0.183160 0.358575 0.334875 0.310881 0.872396
0.389862 0.268186 0.343316 0.126419 0.715408 0.274232 0.439718 0.524785 0.584300 0.888369 0.619094 0.401308 0.968379 0.760812 0.994617
0.494832 0.703530 0.333668 0.509744 0.694755 0.808761 0.441884 0.071400 0.618367 0.442639 0.490807 0.622631 0.843031 0.077867 0.226379
0.677214 0.457445 0.475253 0.899541 0.986809 0.691545 0.217544 0.626912 0.071519 0.194737 0.103821 0.716210 0.150886 0.266679 0.829720
0.504456 0.103374 0.849835 0.135549 0.349154 0.771788 0.481252 0.921433 0.545810 0.030650 0.193909 0.257098 0.190613 0.989023 0.570243
0.741144 0.009359 0.582788 0.104973 0.857816 0.967424 0.902916 0.205317 0.574351 0.098712 0.515656 0.150617 0.160039 0.516146 0.548363
0.371593 0.880716 0.481861 0.422114 0.748464 0.718080 0.451478 0.191887 0.435961 0.099719 0.024841 0.362996 0.629606 0.021419 0.949749
0.357663 0.498302 0.468380 0.574076 0.536778 0.564414 0.566234 0.045465 0.768006 0.754493 0.849068 0.705473 0.891480 0.112945 0.508255
0.514440 0.982983 0.534161 0.279828 0.975947 0.467644 0.144550 0.914385 0.102019 0.889874 0.215014 0.858567 0.326588 0.632851 0.495518
0.599612 0.809127 0.837355 0.853878 0.366651 0.802020 0.799538 0.251300 0.484092 0.168151 0.039494 0.082257 0.059249 0.985591 0.187825
0.265923 0.228293 0.064342 0.909034 0.020316 0.175397 0.501011 0.002580 0.188785 0.696828 0.871338 0.290794 0.778395 0.891337 0.577789
0.076139 0.609542 0.739892 0.863581 0.898533 0.441434 0.871674 0.459833 0.660668 0.197522 0.426606 0.672788 0.523872 0.910251 0.211971
0.980955 0.099817 0.190358 0.921817 0.719546 0.499349 0.223864 0.981356 0.020744 0.013501 0.575521 0.530542 0.453878 0.373740 0.901342
0.350711 0.780943 0.046277 0.290189 0.784500 0.431035 0.758367 0.288580 0.123121 0.211800 0.210883 0.058271 0.530009 0.769047 0.654020
0.518632 0.424409 0.330280 0.031091 0.898247 0.151181 0.960481 0.475478 0.404248 0.385470 0.747735 0.566306 0.242694 0.512934 0.608474
0.722674 0.214901 0.243078 0.221211 0.511848 0.439583 0.907482 0.216437 0.248142 0.655038 0.478372 0.321823 0.046002 0.925556 0.030638
0.171400 0.084532 0.380762 0.749930 0.570730 0.069551 0.959397 0.397691 0.040489 0.933433 0.098093 0.778345 0.152315 0.572341 0.239775
0.461994 0.402472 0.892084 0.499357 0.054902 0.800990 0.921244 0.008373 0.485250 0.982164 0.634057 0.264101 0.649721 0.584172 0.843279
0.733734 0.908057 0.541230 0.321161 0.235367 0.194664 0.601396 0.511765 0.826502 0.110339 0.627857 0.009291 0.605128 0.349685 0.209255
0.812911 0.356594 0.398228 0.249643 0.234065 0.343701 0.795779 0.154975 0.399232 0.987205 0.517560 0.326674 0.604694 0.603491 0.799516
0.753563 0.238825 0.054661 0.352765 0.375588 0.138082 0.856120 0.587791 0.091883 0.247879 0.902291 0.283203 0.169915 0.938426 0.853386
0.794241 0.390419 0.964832 0.178945 0.564324 0.135250 0.564509 0.800020 0.632022 0.847362 0.218618 0.892114 0.344301 0.736055 0.382795
0.782273 0.722757 0.099792 0.798708 0.092089 0.610236 0.691440 0.028558 0.666152 0.030316 0.495520 0.399799 0.114913 0.913691 0.973439
0.103779 0.696293 0.746370 0.829861 0.795800 0.438750 0.473123 0.281865 0.085749 0.908481 0.282180 0.223116 0.180501 0.335216 0.965642
0.959261 0.693465 0.942030 0.208151 0.526777 0.953159 0.433673 0.549513 0.038547 0.114836 0.757394 0.868475 0.470871 0.158432 0.323787
0.094303 0.504338 0.495386 0.660967 0.314541 0.739435 0.745052 0.390540 0.022726 0.956801 0.165919 0.774957 0.834505 0.525378 0.527109
0.057771 0.200123 0.063286 0.781909 0.460443 0.382456 0.330886 0.955794 0.197955 0.537123 0.190112 0.680461 0.051923 0.309969 0.211854
0.198494 0.045836 0.722264 0.897945 0.178910 0.728720 0.666848 0.893036 0.655461 0.279336 0.138529 0.986823 0.313329 0.258815 0.251950
0.774388 0.251505 0.890938 0.700346 0.793147 0.303212 0.271722 0.015684 0.541709 0.886415 0.935278 0.919032 0.475255 0.708535 0.462198
0.507413 0.630834 0.946219 0.863669 0.119518 0.355443 0.737355 0.841579 0.892202 0.042373 0.020011 0.526036 0.962426 0.046497 0.521096
0.380097 0.168503 0.040000 0.722698 0.907400 0.979445 0.231106 0.509594 0.123728 0.068509 0.029025 0.148642 0.428185 0.865150 0.711461
0.723622 0.610697 0.751236 0.615915 0.155566 0.907167 0.054933 0.147217 0.761788 0.070203 0.306586 0.342477 0.479609 0.748701 0.830504
0.376977 0.694168 0.759295 0.918277 0.369473 0.675758 0.613799 0.652433 0.075980 0.578765 0.516463 0.007527 0.252567 0.512295 0.940688
0.211820 0.318784 0.790659 0.741260 0.358023 0.164809 0.177031 0.484105 0.453782 0.684309 0.023465 0.313066 0.408780 0.720466 0.938784
0.091810 0.686413 0.728289 0.405695 0.147913 0.145559 0.114155 0.441555 0.989317 0.981229 0.622814 0.506932 0.747610 0.134690 0.572104
0.686611 0.178069 0.669007 0.270882 0.076238 0.459669 0.209384 0.957053 0.075537 0.771025 0.654071 0.088593 0.511997 0.041092 0.963450
0.119991 0.367678 0.681786 0.492866 0.212905 0.051850 0.457351 0.081320 0.601020 0.009363 0.344488 0.273949 0.167185 0.853411 0.762747
0.531725 0.544411 0.717684 0.629588 0.313822 0.700735 0.338323 0.935188 0.303043 0.206771 0.088140 0.904919 0.237395 0.932188 0.648008
0.795298 0.845341 0.249148 0.849224 0.491235 0.462221 0.778000 0.842279 0.334156 0.242931 0.964429 0.400625 0.117296 0.387301 0.518549
0.525339 0.883718 0.229430 0.074990 0.840211 0.289153 0.636711 0.461926 0.392548 0.971823 0.446163 0.174022 0.523094 0.970075 0.855761
0.552207 0.302333 0.769793 0.828411 0.919548 0.190423 0.591795 0.650894 0.703593 0.952178 0.662943 0.816361 0.364908 0.764306 0.591147
0.898677 0.809650 0.505803 0.972716 0.176799 0.551664 0.482508 0.728049 0.988355 0.486373 0.811306 0.687227 0.867524 0.426144 0.418244
0.231886 0.480584 0.417783 0.139074 0.659700 0.313820 0.165274 0.420115 0.274278 0.494861 0.655512 0.493754 0.365021 0.008611 0.424725
0.578695 0.384117 0.555538 0.254460 0.834034 0.256139 0.700066 0.577991 0.715271 0.519974 0.549983 0.331590 0.722590 0.927464 0.962150
0.619470 0.051270 0.810153 0.868956 0.311767 0.641828 0.546722 0.064444 0.471651 0.995105 0.502438 0.644337 0.685003 0.344919 0.543617
0.794899 0.458628 0.682830 0.746590 0.200985 0.242482 0.164616 0.654950 0.832453 0.734558 0.702072 0.959750 0.826734 0.583214 0.884742
0.095445 0.452244 0.490572 0.327965 0.666182 0.567919 0.188600 0.077858 0.909895 0.084574 0.389698 0.645899 0.997058 0.526161 0.873946
0.370561 0.526765 0.849596 0.643412 0.947084 0.816695 0.288964 0.257920 0.547902 0.517932 0.534429 0.708966 0.179071 0.023423 0.584264
0.952084 0.874385 0.591132 0.588680 0.126839 0.594621 0.274746 0.262151 0.265702 0.910943 0.210437 0.824126 0.595623 0.965079 0.103637
0.572392 0.015584 0.319478 0.386275 0.931846 0.189943 0.232548 0.174133 0.674122 0.249266 0.859956 0.603975 0.309218 0.385534 0.267681
0.283110 0.319220 0.122443 0.533437 0.850610 0.353757 0.507116 0.362308 0.698716 0.553010 0.093743 0.386810 0.273903 0.424561 0.638098
0.046952 0.619746 0.320766 0.373615 0.823169 0.149681 0.218564 0.863109 0.823661 0.706727 0.780950 0.730142 0.188657 0.158294 0.261072
0.455678 0.245675 0.508769 0.883532 0.923903 0.575716 0.013710 0.835028 0.980188 0.483440 0.034804 0.181561 0.712047 0.496648 0.427302
0.974514 0.886599 0.576557 0.312308 0.964481 0.199952 0.987265 0.597482 0.794589 0.263035 0.387516 0.650388 0.355114 0.125354 0.479760
0.260509 0.107646 0.400277 0.434208 0.451734 0.945438 0.825059 0.984265 0.435757 0.332573 0.424045 0.235499 0.279268 0.171371 0.418931
0.971040 0.698819 0.925366 0.855305 0.852628 0.184154 0.994675 0.138794 0.825151 0.451620 0.414675 0.841031 0.740368 0.953708 0.149591
0.886530 0.951795 0.705360 0.448890 0.648400 0.965884 0.532398 0.515319 0.563644 0.882986 0.815183 0.678667 0.482869 0.577320 0.469476
0.580559 0.097695 0.711859 0.661046 0.618064 0.630784 0.216920 0.614468 0.269751 0.782352 0.244419 0.386233 0.261402 0.427261 0.447254
0.688643 0.261427 0.001326 0.746310 0.272950 0.709457 0.410494 0.653367 0.185909 0.804676 0.131556 0.075280 0.303312 0.670308 0.807642
0.647849 0.834735 0.257168 0.514272 0.569281 0.561183 0.266471 0.806623 0.034221 0.910896 0.309544 0.471457 0.790469 0.691569 0.935421
0.506116 0.485892 0.685437 0.818658 0.829927 0.072557 0.461250 0.451044 0.281240 0.086622 0.444947 0.986180 0.431461 0.821752 0.299223
0.465173 0.881869 0.417825 0.724433 0.499862 0.256227 0.183622 0.231259 0.640869 0.252874 0.561655 0.746067 0.089159 0.052986 0.225416
0.704879 0.202724 0.616445 0.274973 0.315104 0.191978 0.518276 0.319672 0.671687 0.196155 0.893179 0.400983 0.696475 0.459481 0.738744
0.561096 0.695836 0.706882 0.770831 0.690469 0.922465 0.489599 0.290181 0.202132 0.143648 0.060863 0.559465 0.385611 0.283273 0.222265
0.559564 0.094537 0.883434 0.082739 0.370794 0.588614 0.837079 0.044539 0.472882 0.485051 0.820682 0.707450 0.694244 0.427771 0.983825
0.511020 0.999923 0.288233 0.593879 0.324985 0.219104 0.887079 0.980384 0.520242 0.599377 0.557406 0.335391 0.429809 0.777627 0.045677
0.592935 0.011041 0.017409 0.073650 0.735440 0.152862 0.113621 0.247263 0.095425 0.933506 0.350515 0.963712 0.813487 0.725051 0.977200
0.105751 0.017371 0.040233 0.403869 0.758206 0.797676 0.678737 0.989211 0.466893 0.905262 0.644782 0.199519 0.293318 0.461832 0.273665
0.196972 0.141302 0.104966 0.145521 0.247537 0.428517 0.420396 0.418393 0.204423 0.680515 0.132986 0.172825 0.541415 0.159035 0.999770
0.008363 0.160264 0.378786 0.058896 0.934447 0.800501 0.593340 0.278338 0.463741 0.818908 0.995999 0.885578 0.443746 0.148746 0.492343
0.495859 0.485741 0.028659 0.176870 0.072445 0.192249 0.723968 0.887878 0.851089 0.593099 0.799107 0.480512 0.296962 0.502133 0.370978
0.960950 0.020276 0.351702 0.826306 0.000932 0.457875 0.647809 0.302660 0.767631 0.829365 0.565146 0.835848 0.948534 0.693686 0.521756
0.372012 0.825559 0.009608 0.465600 0.219084 0.229505 0.434942 0.648453 0.842620 0.179822 0.777971 0.109909 0.217058 0.065810 0.563025
0.844233 0.186699 0.057494 0.198927 0.152680 0.467780 0.049853 0.454075 0.165275 0.697566 0.754135 0.030629 0.555015 0.151775 0.753758
0.081403 0.485107 0.654591 0.844869 0.872694 0.814690 0.057845 0.477870 0.676742 0.713611 0.781097 0.293204 0.675661 0.282724 0.133639
0.391061 0.083488 0.104250 0.545989 0.650548 0.770717 0.758801 0.693099 0.629767 0.014820 0.034921 0.460815 0.498693 0.888524 0.824891
0.355264 0.316258 0.829122 0.114696 0.668395 0.113011 0.258789 0.249600 0.048701 0.673086 0.599155 0.415702 0.411240 0.428871 0.414917
0.497584 0.945912 0.707897 0.739305 0.009684 0.180436 0.250602 0.076142 0.089443 0.148373 0.124225 0.476055 0.992827 0.871039 0.941353
0.616648 0.117664 0.684632 0.577253 0.788685 0.132884 0.321463 0.353635 0.109735 0.450542 0.098544 0.408693 0.353807 0.922094 0.765396
0.713882 0.455952 0.248136 0.416913 0.937050 0.335762 0.646523 0.678258 0.253599 0.899842 0.452371 0.704877 0.636438 0.389824 0.081341
0.705935 0.496561 0.337467 0.931192 0.578845 0.019819 0.565609 0.021123 0.917625 0.386982 0.130783 0.981317 0.827724 0.753769 0.484801
0.954616 0.342681 0.395796 0.560941 0.854286 0.363777 0.023023 0.318526 0.741518 0.239416 0.880656 0.502195 0.754717 0.285550 0.126495
0.988900 0.794901 0.173547 0.142114 0.914793 0.969722 0.564276 0.717978 0.369625 0.082040 0.749908 0.517201 0.499454 0.325482 0.956875
0.435379 0.949629 0.057336 0.880591 0.364850 0.111126 0.580826 0.046444 0.910344 0.357604 0.994466 0.083818 0.091160 0.614723 0.762599
0.579981 0.105439 0.230965 0.501023 0.687669 0.177065 0.429997 0.569504 0.629065 0.573125 0.154569 0.321369 0.251689 0.543688 0.380030
0.810234 0.365979 0.956184 0.009304 0.611559 0.665297 0.432355 0.808016 0.354458 0.546305 0.211296 0.217131 0.493084 0.316024 0.472691
0.621052 0.599798 0.368765 0.143814 0.065100 0.518380 0.739935 0.293484 0.911826 0.820297 0.677430 0.376695 0.137583 0.243603 0.637891
0.216339 0.567757 0.256811 0.122383 0.109293 0.615780 0.762776 0.553531 0.940510 0.612985 0.520621 0.186095 0.098207 0.493293 0.849111
0.915692 0.892381 0.060396 0.563670 0.806160 0.027659 0.317158 0.363266 0.015135 0.283275 0.175914 0.155437 0.577954 0.911176 0.260810
0.551851 0.110049 0.114415 0.924851 0.094099 0.193051 0.793954 0.961426 0.931564 0.985312 0.278883 0.286417 0.467853 0.092730 0.388820
0.722397 0.230578 0.666420 0.252192 0.847978 0.314353 0.586206 0.009287 0.079684 0.178968 0.743251 0.344830 0.094849 0.185801 0.192072
0.068590 0.238905 0.787148 0.484121 0.261394 0.511749 0.424051 0.262500 0.964770 0.194585 0.614083 0.047503 0.168048 0.205471 0.774285
0.147239 0.440215 0.628859 0.736765 0.018178 0.936666 0.761750 0.732474 0.235164 0.528806 0.367638 0.806156 0.013670 0.924541 0.871942
0.567038 0.874157 0.440896 0.662016 0.345570 0.796080 0.805925 0.439691 0.812104 0.323925 0.339053 0.576344 0.166627 0.598354 0.721619
0.191863 0.184980 0.831884 0.485918 0.584032 0.363391 0.065589 0.703318 0.060121 0.348556 0.877445 0.768850 0.831530 0.186816 0.371097
0.261275 0.682296 0.389955 0.305898 0.231024 0.109589 0.307210 0.134940 0.173737 0.824814 0.504004 0.171322 0.905961 0.465191 0.713564
0.147045 0.995773 0.164495 0.841504 0.227929 0.265735 0.515504 0.993512 0.062139 0.887653 0.271449 0.072514 0.928322 0.144506 0.385380
0.477259 0.124834 0.585164 0.127720 0.793184 0.931187 0.760961 0.812173 0.229968 0.471267 0.509534 0.309599 0.594358 0.810632 0.728463
0.943697 0.967604 0.988385 0.252814 0.447789 0.471750 0.632083 0.451622 0.890408 0.388984 0.339535 0.312312 0.172741 0.422753 0.188139
0.891602 0.951106 0.068734 0.345811 0.346623 0.271064 0.477677 0.294436 0.313456 0.266193 0.925158 0.149947 0.363859 0.332358 0.812925
0.753600 0.867709 0.065253 0.022762 0.943513 0.852828 0.969154 0.561910 0.615713 0.461996 0.475357 0.189068 0.234376 0.562063 0.577769
0.493989 0.878270 0.056299 0.778573 0.503060 0.376404 0.761719 0.298596 0.569103 0.991523 0.955674 0.623654 0.326114 0.861175 0.059982
0.821062 0.303173 0.295885 0.713619 0.676216 0.783705 0.619596 0.427927 0.539077 0.618346 0.083790 0.035429 0.628720 0.426288 0.436958
0.458039 0.508120 0.144481 0.781916 0.536660 0.316984 0.729610 0.210069 0.821374 0.676843 0.525278 0.544448 0.186238 0.370699 0.609049
0.193702 0.553420 0.061998 0.088961 0.729356 0.783041 0.004153 0.934272 0.190878 0.565350 0.976149 0.289376 0.374064 0.397428 0.139937
0.333888 0.108071 0.317929 0.768542 0.455760 0.809155 0.570060 0.758450 0.269440 0.502181 0.091092 0.411577 0.165040 0.613939 0.406493
0.449242 0.726645 0.327044 0.101775 0.822469 0.624436 0.069179 0.051917 0.533343 0.750160 0.818170 0.459459 0.474536 0.148462 0.427128
0.664493 0.565215 0.398194 0.366232 0.052409 0.551935 0.230247 0.509641 0.606216 0.629186 0.206261 0.253275 0.992296 0.933418 0.130839
0.967965 0.489611 0.438780 0.299533 0.942614 0.634928 0.089316 0.035967 0.218334 0.790458 0.880130 0.225194 0.247521 0.417261 0.282222
0.173216 0.227286 0.988103 0.642970 0.352913 0.539566 0.136071 0.661162 0.027604 0.197713 0.549322 0.819823 0.544477 0.942975 0.712439
0.676448 0.643251 0.708410 0.109716 0.852370 0.640934 0.786071 0.831254 0.973819 0.090808 0.747657 0.399056 0.011581 0.472651 0.907582
0.065365 0.690865 0.760309 0.161444 0.794650 0.540535 0.504153 0.120662 0.697418 0.790095 0.241238 0.972960 0.574564 0.356264 0.450349
0.244913 0.464533 0.645765 0.379596 0.612525 0.438320 0.952968 0.069778 0.404610 0.990824 0.288025 0.192175 0.740345 0.412487 0.587417
0.897453 0.931409 0.993401 0.013159 0.347277 0.182422 0.329865 0.391501 0.771731 0.122689 0.143025 0.943446 0.670974 0.496118 0.422594
0.423387 0.338492 0.458398 0.436060 0.961891 0.845137 0.686295 0.614534 0.291030 0.018240 0.559718 0.263123 0.517554 0.269480 0.399876
0.658628 0.604318 0.778699 0.537752 0.703416 0.675332 0.961325 0.370407 0.057984 0.797404 0.121121 0.263781 0.566960 0.007399 0.730470
0.618934 0.811200 0.168592 0.248082 0.143911 0.705118 0.234724 0.555013 0.358741 0.861702 0.051019 0.177708 0.375251 0.363458 0.165543
0.277293 0.038776 0.755292 0.351502 0.731111 0.618288 0.474764 0.010521 0.619082 0.084230 0.052285 0.113315 0.975528 0.343401 0.654280
0.611263 0.753066 0.243872 0.666220 0.943997 0.046199 0.940022 0.519441 0.246002 0.486536 0.207837 0.295314 0.768935 0.412931 0.869372
0.399832 0.623769 0.703280 0.089750 0.815364 0.302313 0.215460 0.351178 0.994845 0.131325 0.763740 0.507763 0.035283 0.425968 0.161684
0.468528 0.927867 0.347165 0.793555 0.548530 0.476682 0.713632 0.923921 0.386214 0.400855 0.648488 0.284781 0.880573 0.352376 0.326374
0.648583 0.638565 0.677359 0.074366 0.527933 0.872333 0.282723 0.437635 0.746468 0.074777 0.255658 0.218546 0.522450 0.547459 0.559996
0.081061 0.031895 0.375376 0.032522 0.098499 0.256716 0.411717 0.484315 0.176863 0.514503 0.840738 0.884059 0.295342 0.973259 0.536753
0.475950 0.676736 0.045909 0.486419 0.776842 0.391978 0.816643 0.157257 0.405415 0.774580 0.585401 0.890431 0.517624 0.416468 0.314989
0.915651 0.549128 0.253435 0.716388 0.915886 0.124363 0.269728 0.463080 0.186035 0.025405 0.437781 0.289879 0.209906 0.077990 0.918527
0.445519 0.415730 0.391479 0.466575 0.975709 0.228304 0.014859 0.502840 0.363741 0.127559 0.782506 0.417643 0.641826 0.691665 0.905938
0.299787 0.973843 0.658895 0.745882 0.931944 0.397183 0.392073 0.077794 0.156883 0.771919 0.370335 0.926774 0.424557 0.383704 0.887785
0.023178 0.388292 0.977920 0.925864 0.553981 0.069277 0.896844 0.563497 0.231085 0.463637 0.614889 0.705189 0.752012 0.962307 0.043788
0.533659 0.610102 0.474354 0.970899 0.322455 0.215068 0.387228 0.009110 0.739713 0.718754 0.732017 0.959886 0.450455 0.713922 0.652632
0.272736 0.121474 0.182373 0.493446 0.927061 0.531222 0.679627 0.339581 0.660342 0.152674 0.951970 0.253627 0.146326 0.131686 0.541094
0.107662 0.505781 0.425611 0.010588 0.722488 0.976618 0.326672 0.957012 0.878806 0.894217 0.935958 0.652477 0.986421 0.377427 0.477936
0.090803 0.465409 0.663141 0.172589 0.423888 0.191514 0.393800 0.003719 0.882093 0.216246 0.444124 0.051089 0.026708 0.675759 0.707361
0.941690 0.025663 0.478368 0.567065 0.658810 0.414319 0.094697 0.391741 0.975756 0.534647 0.692112 0.850363 0.258555 0.755362 0.713213
0.141333 0.287905 0.517039 0.336940 0.843779 0.453321 0.308740 0.907969 0.605001 0.212494 0.357648 0.503071 0.948214 0.719815 0.329927
0.964153 0.581684 0.918040 0.810645 0.626575 0.946694 0.975469 0.357166 0.400889 0.032940 0.806111 0.981771 0.127149 0.784280 0.880336
0.135824 0.646782 0.845859 0.815711 0.525535 0.857680 0.162352 0.805957 0.461573 0.023655 0.977754 0.821824 0.428135 0.644860 0.673208
0.691735 0.888406 0.772217 0.564090 0.698581 0.135956 0.809784 0.677107 0.410728 0.213836 0.181266 0.290494 0.911545 0.469318 0.767475
0.315505 0.749038 0.021721 0.507234 0.778043 0.923002 0.721903 0.772026 0.679086 0.617406 0.076230 0.920633 0.575884 0.723682 0.893630
0.418880 0.411786 0.161191 0.099493 0.581415 0.600356 0.180593 0.789896 0.258167 0.610399 0.865581 0.250432 0.928453 0.280300 0.384463
0.868614 0.850207 0.885982 0.701338 0.973554 0.876469 0.849022 0.175338 0.246265 0.921615 0.259203 0.098113 0.743424 0.259535 0.855226
0.566498 0.065442 0.693190 0.664151 0.679320 0.651954 0.994881 0.884096 0.261102 0.970046 0.618995 0.711011 0.905802 0.085399 0.632681
0.467214 0.806064 0.004949 0.932016 0.658153 0.864095 0.746563 0.263217 0.439822 0.307561 0.047855 0.131171 0.395029 0.919158 0.827832
0.542070 0.967374 0.508720 0.290115 0.272936 0.356297 0.210199 0.465323 0.092032 0.629246 0.061557 0.459368 0.740827 0.612815 0.403889
