0.880140 0.646683 0.866265 0.134153 0.647164 0.469455 0.771957
0.526204 0.865549 0.673539 0.910131 0.993045 0.282707 0.876754
0.256731 0.273390 0.843600 0.192859 0.933484 0.393462 0.421162
0.797837 0.962930 0.775941 0.615397 0.110781 0.198246 0.420054
0.919741 0.050320 0.177384 0.227208 0.631172 0.315045 0.556960
0.245511 0.056325 0.001793 0.612682 0.478217 0.271078 0.455713
0.906126 0.085068 0.218897 0.507425 0.419203 0.595943 0.516305
0.870698 0.434128 0.421598 0.228869 0.325127 0.144639 0.429765
0.836152 0.449124 0.963489 0.900911 0.412122 0.367852 0.850143
0.047211 0.932173 0.671673 0.778193 0.402011 0.684174 0.011502
0.384867 0.951155 0.973685 0.708906 0.855718 0.620368 0.159242
0.257390 0.916472 0.867400 0.460108 0.725895 0.157680 0.311096
0.065898 0.389930 0.663358 0.684556 0.203607 0.637067 0.657217
0.406362 0.555889 0.090223 0.758271 0.814219 0.253996 0.707616
0.622419 0.336699 0.402273 0.686485 0.970971 0.061574 0.989181
0.183566 0.094682 0.885979 0.826231 0.736679 0.929382 0.166953
0.053144 0.988562 0.694262 0.809670 0.442267 0.315194 0.480543
0.179288 0.830834 0.081702 0.393564 0.085534 0.014220 0.427757
0.306317 0.358054 0.575305 0.292981 0.542229 0.043523 0.888838
0.410876 0.359931 0.805866 0.694248 0.417119 0.297303 0.280642
0.842443 0.643960 0.472065 0.410233 0.106572 0.722640 0.593668
0.055799 0.557788 0.944268 0.191308 0.898603 0.220498 0.039631
0.150716 0.755990 0.880924 0.746573 0.583004 0.600991 0.489251
0.962048 0.570448 0.030296 0.056626 0.497560 0.495932 0.487721
0.080335 0.227694 0.645378 0.304327 0.240030 0.879061 0.897274
0.197648 0.040281 0.380014 0.729525 0.667962 0.256071 0.969894
0.099349 0.824882 0.107170 0.997079 0.691193 0.693258 0.555260
0.852217 0.021478 0.483932 0.103892 0.979694 0.443129 0.301319
0.788082 0.001660 0.771422 0.283518 0.927462 0.770883 0.400893
0.984056 0.184401 0.776156 0.645900 0.890388 0.528600 0.232605
0.587525 0.502445 0.172764 0.776996 0.615588 0.858241 0.362259
0.555053 0.024277 0.161159 0.384670 0.211389 0.422542 0.870006
0.330986 0.837834 0.970320 0.909353 0.302793 0.522280 0.292130
0.337606 0.068496 0.424449 0.771383 0.877083 0.377630 0.024478
0.052189 0.891721 0.278713 0.417892 0.618025 0.840402 0.569509
0.182541 0.030288 0.409074 0.460218 0.814368 0.089085 0.711569
0.948479 0.081684 0.149083 0.807413 0.670178 0.440381 0.933717
0.680675 0.774677 0.841208 0.888174 0.106778 0.611775 0.251883
0.363609 0.590347 0.355453 0.968713 0.085302 0.278759 0.080278
0.336685 0.301553 0.724103 0.359774 0.481113 0.082741 0.160689
0.487933 0.024193 0.638709 0.512278 0.308061 0.215265 0.624891
0.991428 0.596144 0.807032 0.238121 0.101820 0.230610 0.722223
0.020177 0.537835 0.380121 0.078788 0.198779 0.157916 0.129935
0.641396 0.839467 0.890745 0.513388 0.829629 0.463363 0.186757
0.089240 0.549375 0.909720 0.113814 0.669518 0.517777 0.638807
0.849747 0.376349 0.900267 0.672839 0.210351 0.021788 0.460591
0.421448 0.867271 0.835794 0.255406 0.708370 0.390204 0.333435
0.717565 0.485196 0.694219 0.526847 0.751710 0.952630 0.605999
0.046927 0.312290 0.021054 0.582971 0.240542 0.192338 0.861327
