28.558424 15.526818 81.129915 -72.303748 71.916192 -7.017635
17.703478 11.456937 -43.550229 -22.838654 -57.561259 -85.677794
-16.552258 -31.079823 -84.701343 -44.785873 -88.015885 -65.961736
-31.453737 46.581536 -86.319221 -34.917158 -54.676278 69.206843
-46.168848 -11.160339 -76.383059 -92.189245 -12.321868 89.457813
59.507056 -79.183021 34.691139 86.604791 -44.341020 87.074188
46.942047 20.080459 79.745490 92.305540 -94.920689 -24.955086
-39.766188 -59.188564 71.035366 -85.487953 -70.876917 22.478328
7.961220 -54.379580 30.529028 -25.476273 -85.467007 -61.802155
-67.645987 -5.736175 16.197069 83.909885 -51.753819 25.891211
43.530090 19.267020 -54.930269 -8.525478 10.474910 -80.621754
-66.965017 51.428255 23.782641 0.397835 -65.033332 5.302525
52.293533 -10.339586 -58.815390 86.519643 -97.564523 47.808237
-71.317222 17.515149 17.651662 47.439140 22.318505 -44.527155
1.852421 -48.321146 37.325473 81.439521 34.206518 59.524280
59.788375 -3.493950 59.543753 -21.328706 56.357569 94.904347
79.785707 7.623663 92.495671 46.149538 -94.593827 -49.015840
-62.652849 87.034473 34.288342 -46.781751 31.966244 -73.752582
-95.848400 -93.314488 -3.860429 -84.584532 0.467412 -40.114627
31.979938 75.719165 -29.781956 86.655627 95.056733 59.733764
18.038860 66.133629 -56.445709 -27.587016 -87.018082 37.201209
99.574318 63.491750 -39.410627 -75.603745 92.690489 78.890714
-0.390547 49.736839 -26.445750 32.656017 94.645466 55.633716
-61.114742 57.294539 -52.356864 -15.948588 78.179536 93.496183
24.478988 13.110846 -7.206492 -65.723393 -99.647455 -56.027830
71.641953 -18.876311 -20.965129 2.045215 30.827091 38.158299
-36.413103 87.603500 -89.784631 -66.619837 34.715483 -85.850456
56.141229 -9.459505 -13.067985 -21.826456 -56.381404 -34.915407
78.103051 -97.818810 41.851788 50.349182 23.847699 -97.015875
94.855473 -9.143614 68.544410 59.963455 77.422859 12.004870
-6.672936 13.158709 69.271507 -67.855491 -94.972597 -76.068525
13.834778 -28.352052 -39.153208 43.839650 -74.242324 -82.956669
-64.343177 -92.190103 -22.754646 44.904891 -84.034030 77.043997
97.639255 -8.527245 -44.716731 -88.469756 -43.473879 44.714244
-1.869398 -6.902612 -82.280018 -65.448495 86.784841 66.356754
-63.159663 -98.346041 23.661773 27.888090 99.023874 12.220674
-99.287135 -18.827453 39.642613 85.547572 52.446779 -41.562587
11.870247 -40.510376 2.154904 -55.681889 28.099621 -66.336358
2.361133 -46.042199 -49.734709 -8.873826 49.283135 56.541557
37.856687 70.399997 33.889798 56.198353 -85.077113 -67.130501
97.053018 23.933095 -55.999557 93.868627 -63.667987 23.987692
49.044802 79.160063 -88.506302 -74.200781 -40.868069 25.678151
-24.696649 -25.258780 96.482275 71.562522 55.668643 35.276017
-78.610567 -89.453175 -2.522735 -0.979675 15.859779 -64.416744
-14.197832 -10.702304 18.733775 -60.085779 -57.691449 -89.276197
-40.754435 88.670747 -76.223337 -13.159529 26.822157 -19.436214
65.037958 -54.853501 -75.954241 14.148941 35.616847 -96.891396
2.455836 -44.907776 -54.859895 25.236339 24.298792 -67.509716
36.838485 17.287252 18.126882 99.001327 52.550410 30.385960
-78.250019 -38.297476 27.173943 -37.125135 89.537930 -80.896708
17.835897 -81.719511 34.196034 -55.313909 82.258646 27.916494
-53.803964 50.968551 -30.389683 61.097331 86.179257 -28.850056
39.861070 -19.161393 -85.427765 -73.778823 -66.196966 -51.173739
-12.669676 -99.722356 -81.965173 2.909533 -53.842426 95.722298
3.176537 -22.198320 -67.922491 -64.703213 -84.421277 9.060892
6.150637 54.698015 48.981262 -74.425175 -14.611955 -20.117939
21.874343 -48.242990 46.250296 -25.035891 -98.608009 -2.253340
68.544436 -96.443563 90.399046 -29.321623 -99.103187 4.062363
-38.558043 47.810619 -91.115701 64.969313 -47.269814 -54.123010
-60.151412 -43.763603 -8.862211 41.641487 -92.233049 -61.238605
29.358746 -66.402207 6.241339 38.890529 72.477435 -9.944143
-33.641643 -22.531405 -21.278039 1.447786 52.601206 -82.590659
78.455567 74.989927 99.379036 -84.759669 93.926193 -90.399130
71.055935 7.438088 41.841317 -63.281524 -16.311653 -54.325946
-62.727341 -33.024622 -57.286939 61.665278 -92.807554 7.407159
51.934522 -92.100732 -30.302446 38.812931 -24.492324 42.151501
96.516930 -37.135702 -15.071003 99.398526 -49.981676 0.378231
56.480825 64.233614 68.536967 -14.220761 -95.821261 -61.959081
-5.701174 -49.621985 -69.691616 43.588668 16.642967 -58.253262
5.639045 -57.532340 54.959955 17.496358 45.454336 36.357830
70.855085 -44.518314 -26.342604 -75.185738 48.658763 -74.765674
71.022871 18.429071 -4.682399 -84.036724 27.304741 8.463875
30.663534 -94.851455 -33.685268 17.815584 18.725594 99.522917
-72.678035 64.708543 75.507463 74.077359 -39.413432 30.892273
88.413211 -50.337358 -23.004963 0.185921 86.747776 86.426159
1.741931 78.704934 -77.061479 -85.191289 34.448607 29.418376
-77.527899 15.709576 -71.313313 31.029050 59.950091 63.869781
-47.347740 -24.519288 33.601947 -55.628946 -33.111842 -9.739381
-88.966847 39.058758 -7.067934 84.249111 -36.953185 -12.725795
-10.684850 44.156254 67.228093 15.329862 65.060184 33.759594
-18.327947 -68.214814 68.843857 11.326419 -72.263876 38.539208
-67.142517 -67.701099 -73.723227 -24.690252 -80.281351 -43.360068
30.937469 -44.594391 -88.851442 -48.017604 25.103649 83.200314
12.140789 38.456617 -62.165930 -28.674467 42.813166 84.988322
-34.416361 -61.516260 -4.807000 98.823864 9.271903 6.749992
90.048142 -71.277509 20.162278 79.226402 77.625202 40.856795
64.013710 27.622207 -18.858792 95.210214 17.207856 -90.723550
-67.044509 -13.031898 51.787676 -39.151021 54.520694 -14.345435
-46.968558 -46.012211 -23.740187 8.015024 -74.004878 67.760326
68.065176 20.919616 -85.891756 -44.684958 -88.007977 -51.546331
25.432888 2.676587 -21.387347 56.734850 -93.434742 83.324309
59.790222 34.221843 36.845550 -43.561865 15.401199 56.850375
46.809122 -60.220704 -92.942265 10.898149 88.134651 85.290163
-82.367115 -71.122422 81.834722 -49.397876 87.809752 20.694123
-72.863600 -66.607249 -54.382390 61.752638 -13.252891 -4.318849
16.290432 29.431482 0.490830 65.340241 -60.277359 62.345536
80.115704 8.757708 19.221247 -98.275012 -60.203505 -98.951411
26.534585 44.536710 -48.935751 20.741430 34.078204 12.630260
8.537974 -25.332706 88.910194 59.056980 57.373522 -55.316428
-89.333753 -87.858966 -11.775030 35.126303 78.138113 20.516119
