0.267082 0.620338 0.904660
0.457399 0.236726 0.417005
0.948572 0.494104 0.607192
0.795382 0.813698 0.526153
0.872541 0.058412 0.467898
0.374253 0.559925 0.368113
0.377152 0.293928 0.003345
0.128497 0.254043 0.777502
0.532174 0.712421 0.751201
0.929061 0.100607 0.512893
0.105721 0.999822 0.004226
0.432369 0.637298 0.024566
0.261877 0.573983 0.156466
0.522353 0.196340 0.316453
0.885065 0.673849 0.790018
0.879049 0.454321 0.237478
0.934312 0.778489 0.767705
0.583576 0.284366 0.107905
0.932484 0.339035 0.151483
0.286277 0.960563 0.263515
0.799771 0.547021 0.235179
0.091594 0.101279 0.145442
0.545344 0.291850 0.489333
0.520368 0.441786 0.325390
0.020277 0.327712 0.856839
0.151422 0.367014 0.257079
0.068978 0.436781 0.996739
0.390589 0.372430 0.041079
0.273390 0.896836 0.293679
0.306305 0.829133 0.783461
0.452846 0.957283 0.172124
0.235322 0.688508 0.446526
0.843166 0.144877 0.176913
0.733830 0.680702 0.539466
0.060270 0.874747 0.472206
0.035877 0.710723 0.983227
0.484234 0.499729 0.807988
0.878312 0.995238 0.254287
0.835487 0.191986 0.290057
0.645221 0.652177 0.016014
0.249145 0.489978 0.683447
0.252271 0.799766 0.575160
0.124387 0.135446 0.298154
0.052187 0.252304 0.586646
0.910625 0.981339 0.346254
0.973696 0.073501 0.632129
0.182579 0.274528 0.386818
0.875521 0.600626 0.606584
0.529246 0.670343 0.758752
0.471660 0.127792 0.725431
0.382655 0.367294 0.584835
0.529786 0.411417 0.339235
0.262064 0.113410 0.941976
0.479319 0.466645 0.900150
0.338383 0.404417 0.825142
0.897169 0.574422 0.544028
0.196772 0.717327 0.144849
0.634797 0.596618 0.962870
0.265609 0.675450 0.672919
0.996667 0.193619 0.311692
0.768848 0.375327 0.146120
0.102408 0.475092 0.067905
0.942989 0.375454 0.654937
0.987194 0.242815 0.131691
0.818098 0.951175 0.988796
0.373577 0.630527 0.455301
0.144931 0.211397 0.760921
0.185009 0.306403 0.350518
0.043558 0.454787 0.469114
0.285025 0.519378 0.375601
0.115267 0.788187 0.689824
0.762823 0.571375 0.540656
0.971932 0.899871 0.530555
0.391595 0.593076 0.490625
0.761598 0.495490 0.960211
0.367689 0.737812 0.739118
0.153888 0.920344 0.118562
0.446466 0.058848 0.409094
0.426077 0.594841 0.387121
0.613121 0.616287 0.555237
0.648890 0.597853 0.269288
0.489635 0.141282 0.505458
0.932060 0.543171 0.385864
0.309555 0.646560 0.208817
0.604428 0.733139 0.219810
0.794139 0.984847 0.010507
0.556921 0.510300 0.968595
0.701132 0.650047 0.297349
0.560633 0.534224 0.208436
0.903117 0.232826 0.210240
0.524894 0.703896 0.895578
0.746183 0.520198 0.116078
0.443559 0.386473 0.558551
0.232789 0.293772 0.596317
0.059410 0.969948 0.419648
0.613763 0.193776 0.583056
0.044705 0.625519 0.453600
0.398898 0.965990 0.684955
0.333455 0.844599 0.491279
0.220747 0.060112 0.569658
0.545765 0.943236 0.026774
0.639688 0.656345 0.859490
0.842193 0.174154 0.929358
0.373575 0.510426 0.416086
0.144049 0.928722 0.714180
0.669439 0.983777 0.247637
0.528064 0.757490 0.017594
0.228140 0.116766 0.417473
0.311808 0.238355 0.907290
0.812615 0.501843 0.159613
0.027934 0.741812 0.962917
0.799242 0.567197 0.813259
0.186363 0.611698 0.480232
0.058757 0.121423 0.535326
0.942036 0.138103 0.735308
0.010238 0.841607 0.699865
0.137111 0.226850 0.329306
0.041028 0.378969 0.683899
0.332577 0.101333 0.942968
0.911877 0.642987 0.065949
0.484002 0.269401 0.834197
0.340904 0.540681 0.116017
0.836704 0.111742 0.638351
0.065697 0.370722 0.991094
0.224740 0.980954 0.071215
0.853134 0.600996 0.955047
0.143055 0.339630 0.692867
0.679561 0.749979 0.416945
0.278132 0.483693 0.744247
0.181277 0.830924 0.615595
0.389385 0.613068 0.029637
0.030287 0.159770 0.014688
0.835395 0.764306 0.738810
0.936675 0.149563 0.772311
0.710312 0.346566 0.659080
0.208718 0.126957 0.048421
0.032869 0.497743 0.260306
0.043044 0.794944 0.836571
0.740507 0.811592 0.171043
0.056111 0.425470 0.886789
0.738290 0.857651 0.634557
0.800007 0.017273 0.007784
0.438016 0.468645 0.509194
0.524953 0.850605 0.976159
0.559329 0.000256 0.541731
0.494795 0.322619 0.717454
0.777726 0.821906 0.408718
0.644881 0.801989 0.866459
0.873707 0.233384 0.032590
0.537923 0.662345 0.102187
0.858682 0.276632 0.529551
0.795672 0.610134 0.580064
0.744509 0.102976 0.465760
0.914068 0.424329 0.753014
0.742039 0.469796 0.122012
0.909952 0.584671 0.914917
0.800332 0.526348 0.587029
0.711314 0.010355 0.911157
0.524444 0.483178 0.049893
0.177112 0.445152 0.466110
0.432398 0.254109 0.488071
0.736143 0.221557 0.304445
0.930662 0.854038 0.016981
0.927073 0.803583 0.779101
0.865454 0.429366 0.305644
0.911127 0.703110 0.370786
0.540525 0.995525 0.160997
0.073106 0.491729 0.745021
0.958633 0.361729 0.224828
0.726697 0.625067 0.089876
0.250034 0.053031 0.300726
0.375734 0.834200 0.049344
0.328751 0.218850 0.564586
0.922969 0.992086 0.888701
0.655032 0.131117 0.820410
0.545534 0.604982 0.724872
0.321679 0.594521 0.044959
0.847456 0.518548 0.312060
0.004545 0.701472 0.419359
0.038881 0.343854 0.224059
0.946703 0.559074 0.904758
0.397222 0.024152 0.292666
0.206381 0.901178 0.114935
0.832070 0.992369 0.997223
0.981129 0.433200 0.583309
0.957003 0.351184 0.880426
0.790813 0.812260 0.128371
0.929552 0.274458 0.563258
0.883324 0.892732 0.168729
0.481666 0.592747 0.977121
0.485159 0.429160 0.643190
0.278228 0.593176 0.988380
0.754761 0.939638 0.141274
0.434741 0.447572 0.887058
0.287502 0.559760 0.415995
0.448927 0.781101 0.670978
0.873473 0.137167 0.467545
0.469246 0.707306 0.561060
0.460352 0.190246 0.924711
0.006080 0.890225 0.219385
0.420803 0.818548 0.163279
0.478799 0.556869 0.905090
0.428858 0.137967 0.106501
0.902794 0.691337 0.865862
0.677360 0.117674 0.875332
0.686461 0.743380 0.334360
0.872572 0.057800 0.561984
0.719808 0.721164 0.282834
0.583665 0.429031 0.117620
0.040663 0.317908 0.587446
0.380816 0.522537 0.130482
0.604413 0.729104 0.454513
0.368260 0.000937 0.631287
0.913799 0.325331 0.472882
0.918208 0.805195 0.379304
0.095416 0.637254 0.257740
0.066508 0.049409 0.591390
0.275109 0.450963 0.005504
0.645662 0.540694 0.387468
0.451751 0.702960 0.072904
0.846707 0.877468 0.157861
0.245940 0.273127 0.918711
0.055872 0.652771 0.781985
0.701254 0.064930 0.219497
0.759329 0.634853 0.857400
0.671916 0.609523 0.542505
0.307354 0.840932 0.902003
0.879779 0.447045 0.179450
0.545851 0.890360 0.411794
0.517939 0.639022 0.341467
0.823159 0.083956 0.789017
0.277177 0.953356 0.523253
0.882602 0.248406 0.172217
0.556938 0.924373 0.961006
0.489477 0.700198 0.330472
0.714770 0.413604 0.298287
0.578860 0.396539 0.774051
0.315525 0.414893 0.977222
0.568384 0.743960 0.796954
0.939365 0.235686 0.820184
0.990154 0.031893 0.204467
0.501591 0.949573 0.695451
0.331242 0.550885 0.045121
0.732303 0.660702 0.392879
0.887603 0.491345 0.129886
0.076120 0.401393 0.701772
0.996204 0.277873 0.345693
0.524343 0.430417 0.431296
0.520258 0.141446 0.217563
0.640167 0.563504 0.507729
0.878115 0.405897 0.572258
0.281780 0.883052 0.375079
0.702927 0.705507 0.222313
0.756781 0.087054 0.134060
0.918106 0.451556 0.445589
0.067305 0.436324 0.570170
0.433139 0.038158 0.777845
0.431659 0.010468 0.959136
0.127832 0.880280 0.852845
0.242572 0.749719 0.994281
0.612878 0.896195 0.178588
0.965565 0.228671 0.633819
0.281933 0.338758 0.041256
0.775436 0.171883 0.507596
0.283368 0.568200 0.561489
0.648276 0.310797 0.099874
0.902719 0.776787 0.150567
0.938658 0.108582 0.477195
0.658337 0.243287 0.702627
0.049276 0.253229 0.301846
0.075256 0.815359 0.638650
0.669402 0.415037 0.576665
0.732784 0.357269 0.439279
0.677195 0.421650 0.542913
0.748838 0.393264 0.651324
0.363059 0.570627 0.272973
0.349690 0.245899 0.550135
0.908338 0.715434 0.036646
0.877389 0.119964 0.828011
0.077957 0.465122 0.594627
0.432736 0.561704 0.155170
0.448238 0.257475 0.911293
0.677122 0.068802 0.735050
0.154184 0.646599 0.027137
0.565338 0.568903 0.917293
0.507857 0.900205 0.711945
0.101013 0.529234 0.680520
0.470361 0.061763 0.244617
0.963801 0.696122 0.003104
0.530653 0.913159 0.383810
0.862039 0.742599 0.057274
0.839801 0.251561 0.134876
0.966975 0.830423 0.589398
0.798334 0.727884 0.055653
0.625361 0.316104 0.447718
0.631846 0.002461 0.215741
0.851862 0.606787 0.684131
0.942643 0.333855 0.116845
0.344137 0.499186 0.769014
0.343060 0.996850 0.652206
0.119364 0.396983 0.344087
0.846303 0.266558 0.603210
0.675007 0.884064 0.572576
0.591044 0.086948 0.756494
0.816694 0.773528 0.787074
0.492020 0.779746 0.466632
0.653097 0.435155 0.701895
0.076702 0.889617 0.200505
0.436740 0.706637 0.024303
0.151962 0.643574 0.721748
0.726302 0.215332 0.393543
0.277816 0.780127 0.984169
0.403575 0.192762 0.228209
0.687949 0.215848 0.615497
0.583700 0.990741 0.147499
0.561768 0.944017 0.280924
0.376153 0.554159 0.080670
0.332964 0.552743 0.542425
0.532964 0.671171 0.370469
0.738429 0.041134 0.732387
0.859408 0.531352 0.406747
0.752632 0.142756 0.011309
0.316174 0.254315 0.832357
0.274876 0.079241 0.881662
0.556013 0.606580 0.941426
0.971323 0.687438 0.570401
0.948442 0.332638 0.282078
0.502225 0.076843 0.905356
0.232944 0.821234 0.706897
0.887410 0.954421 0.290598
0.318664 0.545407 0.202474
0.214394 0.985225 0.831695
0.998371 0.850492 0.802368
0.032577 0.794977 0.572962
0.276649 0.614284 0.479619
0.910910 0.366503 0.894904
0.609883 0.411297 0.038589
0.653268 0.308460 0.775490
0.384253 0.821120 0.885812
0.397174 0.467076 0.584834
0.130205 0.700026 0.640373
0.995848 0.650508 0.321366
0.814383 0.746593 0.440864
0.812304 0.190750 0.978059
0.402418 0.541196 0.023966
0.956390 0.635054 0.428891
0.546467 0.101382 0.748405
0.248130 0.571197 0.532327
0.983312 0.754053 0.050584
0.622364 0.951704 0.329014
0.747205 0.939416 0.419692
0.000414 0.855012 0.050313
0.952176 0.760751 0.295220
0.547622 0.163055 0.173870
0.556490 0.574844 0.341799
0.207349 0.945412 0.297117
0.201201 0.075941 0.126239
0.615952 0.488290 0.462077
0.222382 0.382734 0.011708
0.728854 0.685086 0.289547
0.314028 0.913088 0.926807
0.611697 0.810046 0.876756
0.071830 0.345618 0.196342
0.526132 0.204838 0.900247
0.995612 0.469141 0.090055
0.148770 0.279703 0.834941
0.895768 0.333973 0.678710
0.054749 0.754698 0.561169
0.896313 0.589764 0.490864
0.271472 0.247868 0.117530
0.125647 0.962397 0.065230
0.889221 0.792010 0.709065
0.734575 0.944611 0.227425
0.247472 0.297930 0.993550
0.853515 0.204677 0.051782
0.389566 0.640318 0.113538
0.525991 0.969241 0.789843
0.279311 0.722365 0.393492
0.644439 0.108943 0.983450
0.556576 0.694499 0.932210
0.952104 0.762371 0.412661
0.365482 0.779346 0.556023
0.700913 0.699907 0.848514
0.829566 0.958132 0.180886
0.772104 0.565899 0.935364
0.711022 0.404260 0.561613
0.159212 0.969509 0.740883
0.368229 0.636498 0.464053
0.973807 0.232748 0.507506
0.002117 0.197942 0.144332
0.172770 0.847027 0.720496
0.083847 0.127300 0.335797
0.826428 0.247435 0.182548
0.027344 0.767478 0.437477
0.348041 0.996599 0.429196
0.808754 0.148039 0.191422
0.603343 0.177501 0.030535
0.922804 0.179359 0.373990
0.139836 0.202735 0.630136
0.911440 0.575326 0.368076
0.641350 0.442292 0.791357
0.374726 0.613984 0.976015
0.686374 0.730600 0.194905
0.240654 0.662314 0.409192
0.889768 0.048798 0.925485
0.997469 0.131713 0.974552
0.869743 0.447921 0.467446
0.555802 0.556375 0.297594
0.788568 0.009300 0.528785
0.833866 0.109607 0.997855
0.012897 0.205859 0.221766
0.166656 0.486893 0.093403
0.310787 0.755454 0.061871
0.797096 0.900416 0.848145
0.352177 0.886808 0.378898
0.538470 0.705877 0.859396
0.774612 0.876104 0.430217
0.998481 0.045818 0.265835
0.554831 0.975438 0.226466
0.861315 0.303602 0.645263
0.018416 0.065774 0.187640
0.451419 0.842820 0.264776
0.487170 0.798914 0.516545
0.223401 0.043681 0.911452
0.604773 0.495866 0.706063
0.709919 0.696198 0.903519
0.932272 0.985887 0.221940
0.045298 0.229517 0.151479
0.365396 0.590275 0.256714
0.290379 0.160904 0.855327
0.539215 0.747935 0.813057
0.169840 0.550584 0.639356
0.433012 0.587832 0.767158
0.319232 0.684912 0.448717
0.489322 0.760309 0.912243
0.420727 0.595266 0.990065
0.887837 0.904926 0.897999
0.973733 0.873635 0.313183
0.064483 0.704735 0.855687
0.438033 0.369217 0.970519
0.211712 0.290241 0.908283
0.257068 0.873372 0.790918
0.968420 0.464961 0.823261
0.949801 0.675895 0.953560
0.578647 0.059724 0.798054
0.366911 0.644300 0.149911
0.507926 0.407375 0.340145
0.972624 0.187654 0.652407
0.910310 0.139483 0.705191
0.454136 0.507717 0.595207
0.035573 0.530055 0.267309
0.553325 0.494776 0.484067
0.347953 0.204087 0.091837
0.072506 0.280449 0.773966
0.341771 0.377904 0.792803
0.015915 0.171699 0.091725
0.027608 0.695447 0.090197
0.358840 0.897075 0.065704
0.519782 0.303201 0.325476
0.964227 0.114224 0.172102
0.408962 0.935733 0.328331
0.542490 0.548136 0.749480
0.636984 0.012343 0.082026
0.944019 0.449415 0.874305
0.481732 0.005068 0.375433
0.647998 0.892714 0.960933
0.561526 0.333664 0.692123
0.632331 0.147985 0.822543
0.135691 0.042055 0.169364
0.363111 0.889516 0.798114
0.835220 0.958558 0.318311
0.931705 0.028510 0.171835
0.157693 0.593624 0.169189
0.296009 0.251069 0.740910
0.143650 0.848425 0.123205
0.843350 0.765900 0.664717
0.284638 0.083884 0.237511
0.281400 0.291983 0.284973
0.260031 0.040065 0.352670
0.315444 0.691301 0.834922
0.333034 0.508364 0.482038
0.203132 0.163941 0.604797
0.300938 0.168569 0.486975
0.195794 0.787245 0.504597
0.504353 0.286769 0.317393
0.538882 0.088115 0.430211
0.601177 0.574656 0.481184
0.765632 0.772174 0.799300
0.804948 0.805302 0.290909
0.801186 0.588451 0.695444
0.260314 0.248821 0.114275
0.849868 0.405606 0.370534
0.045189 0.773966 0.050555
0.580897 0.786731 0.977606
0.620959 0.719414 0.701471
0.391277 0.143502 0.489168
0.278363 0.705201 0.517863
0.028191 0.068292 0.257467
0.095493 0.300420 0.606724
0.407866 0.349175 0.760682
0.057086 0.260914 0.127915
0.865038 0.630002 0.262928
0.495650 0.825051 0.536673
0.495619 0.251388 0.656793
0.194641 0.193401 0.951583
0.262791 0.919401 0.837298
0.174037 0.223413 0.441923
0.769007 0.788641 0.715358
0.886346 0.066446 0.536763
0.413048 0.694769 0.661102
0.980705 0.203511 0.628027
0.818628 0.691105 0.982680
0.197761 0.957203 0.142280
0.429274 0.177262 0.062209
0.289277 0.880014 0.571494
0.772661 0.600105 0.578249
0.078308 0.845432 0.886178
0.131129 0.350162 0.897918
0.666657 0.020409 0.192999
0.437745 0.125083 0.787278
0.292305 0.555522 0.384031
0.836520 0.572764 0.001539
0.670391 0.344098 0.149990
0.808135 0.239245 0.568034
0.913614 0.755013 0.813676
0.592174 0.054581 0.861202
0.929506 0.480328 0.665327
0.257618 0.090885 0.902344
0.207350 0.233608 0.208068
0.063313 0.743578 0.940690
0.125827 0.929086 0.166087
0.186415 0.942972 0.198021
0.289853 0.211933 0.028646
0.674535 0.138112 0.111684
0.924699 0.655598 0.124592
0.915853 0.624803 0.792187
0.652301 0.546933 0.473573
0.132206 0.012263 0.227776
0.708076 0.934410 0.696084
0.270468 0.028419 0.249573
0.164513 0.552260 0.843315
0.579808 0.465651 0.233625
0.322985 0.801878 0.361818
0.611621 0.788821 0.457424
0.860292 0.138184 0.176505
0.345389 0.004405 0.742514
0.147622 0.599419 0.033478
0.395300 0.222544 0.624071
0.292809 0.109837 0.375546
0.876774 0.418998 0.347921
0.995795 0.171372 0.043274
0.976371 0.579292 0.374744
0.072145 0.828401 0.757001
0.896281 0.113286 0.406845
0.500337 0.994598 0.159422
0.426001 0.248558 0.792703
0.337562 0.031796 0.544382
0.600178 0.056456 0.831068
0.434016 0.506439 0.042214
0.128365 0.058573 0.480748
0.128762 0.497326 0.820364
0.442365 0.956720 0.948662
0.635670 0.634109 0.680818
0.664773 0.896505 0.824676
0.432212 0.312769 0.320926
0.171618 0.131627 0.017492
0.798415 0.010573 0.544971
0.588517 0.195949 0.564455
0.977064 0.515104 0.403138
0.750323 0.365179 0.774104
0.091574 0.511772 0.198827
0.607353 0.308333 0.152253
0.566795 0.847764 0.798127
0.338226 0.768277 0.881708
0.573123 0.108097 0.376335
0.450477 0.377389 0.306253
0.813558 0.589419 0.641326
0.974682 0.492519 0.413440
0.394605 0.684136 0.140811
0.224712 0.640310 0.374964
0.567826 0.966870 0.027186
0.532483 0.209016 0.558197
0.426326 0.598595 0.216377
0.511946 0.618153 0.282180
0.550895 0.254668 0.349967
0.526369 0.831973 0.405281
0.684678 0.892518 0.813753
0.770964 0.067152 0.460315
0.693906 0.138953 0.357581
0.273278 0.885135 0.919303
0.189216 0.145261 0.782544
0.419735 0.364781 0.881448
0.506624 0.660436 0.396692
0.079831 0.903676 0.200843
0.319087 0.348867 0.595824
0.613844 0.440117 0.010051
0.222684 0.025584 0.227874
0.721907 0.199496 0.573672
0.585069 0.833909 0.723868
0.649745 0.497913 0.962363
0.705394 0.119281 0.829048
0.876007 0.400654 0.359672
0.213291 0.832344 0.271896
0.118722 0.066856 0.218992
0.242516 0.336967 0.800779
0.367719 0.154053 0.533035
0.389979 0.735233 0.680238
0.575419 0.943162 0.158817
0.083308 0.254854 0.372272
0.708430 0.849639 0.248264
0.818534 0.797846 0.501927
0.942292 0.641661 0.525019
0.088233 0.266098 0.677044
0.706965 0.469514 0.213434
0.977619 0.625670 0.438354
0.824745 0.609390 0.944493
0.853542 0.589597 0.825710
0.895291 0.674795 0.592465
0.937453 0.594510 0.328078
0.032953 0.920422 0.964965
0.446985 0.576559 0.611926
0.857177 0.156533 0.047708
0.906870 0.689368 0.982427
0.971435 0.416219 0.161052
0.125965 0.806833 0.074766
0.502837 0.896131 0.387181
0.378785 0.689231 0.401914
0.130579 0.816027 0.030670
0.297932 0.004810 0.641738
0.506347 0.415194 0.035541
0.261458 0.796594 0.685347
0.586307 0.822417 0.428641
0.868438 0.015516 0.121870
0.706493 0.827046 0.871785
0.212692 0.535629 0.136123
0.396882 0.626410 0.875324
0.193581 0.867068 0.507312
0.559716 0.929426 0.935699
0.928983 0.456843 0.091378
0.302092 0.809826 0.304005
0.896796 0.051631 0.894944
0.999815 0.807110 0.876492
0.370824 0.145182 0.749056
0.020728 0.675512 0.438108
0.637219 0.825915 0.263218
0.182935 0.154951 0.445083
0.634603 0.162923 0.805868
0.728616 0.815171 0.970190
0.773225 0.220228 0.099852
0.990122 0.554401 0.318986
0.939562 0.473384 0.006041
0.537429 0.309955 0.401900
0.784090 0.341821 0.645324
0.974773 0.819797 0.856779
0.275987 0.809555 0.114538
0.891373 0.604078 0.312728
0.655672 0.374481 0.189315
0.341392 0.195271 0.454924
0.140694 0.913525 0.399449
0.419991 0.993724 0.321603
0.341949 0.106763 0.823870
0.428815 0.954692 0.411345
0.658029 0.875788 0.020942
0.139295 0.505647 0.343001
0.934532 0.309242 0.158870
0.347641 0.265803 0.524838
0.556489 0.234729 0.489005
0.341789 0.776226 0.739155
0.874146 0.975853 0.386473
0.715194 0.760516 0.912301
0.376399 0.241943 0.743067
0.092642 0.849125 0.857270
0.862718 0.294060 0.979930
0.149549 0.410526 0.246848
0.303939 0.645081 0.515677
0.683300 0.039110 0.124270
0.169166 0.685517 0.080252
0.271525 0.867609 0.381723
0.022199 0.714736 0.008421
0.863934 0.943034 0.447661
0.359791 0.912710 0.004228
0.583922 0.520966 0.201221
0.474019 0.145426 0.297691
0.052936 0.811434 0.439388
0.786861 0.063120 0.158382
0.524703 0.859970 0.790842
0.403328 0.622795 0.165119
0.769034 0.139182 0.552413
0.388544 0.384251 0.691929
0.436177 0.511431 0.787616
0.964747 0.680006 0.261573
0.177402 0.728829 0.906394
0.381882 0.022004 0.767053
0.966325 0.613325 0.841362
0.486795 0.574268 0.601226
0.085437 0.086979 0.283624
0.129243 0.493200 0.320281
0.722520 0.205379 0.469866
0.259467 0.448653 0.879731
0.041308 0.069385 0.600816
0.296129 0.067576 0.219798
0.147598 0.256058 0.696593
0.976542 0.180797 0.041623
0.305247 0.364017 0.763508
0.710061 0.690091 0.416603
0.923922 0.628530 0.296230
0.861562 0.143582 0.519223
0.110187 0.480719 0.147538
0.231595 0.767533 0.959958
0.997928 0.002765 0.266250
0.837107 0.729132 0.314017
0.249239 0.264691 0.734078
0.579538 0.899605 0.320190
0.103388 0.927325 0.272259
0.442056 0.802904 0.283963
0.728883 0.822611 0.097605
0.901480 0.249729 0.545435
0.508145 0.871143 0.203680
0.829056 0.391676 0.361196
0.328155 0.258173 0.137099
0.853053 0.147281 0.531965
0.735863 0.060293 0.819115
0.893323 0.292194 0.388164
0.864697 0.941102 0.591077
0.184104 0.433473 0.863017
0.136148 0.058123 0.023240
0.551867 0.082904 0.641025
0.308635 0.720017 0.611281
0.624925 0.184073 0.751392
0.017851 0.552690 0.747209
0.740682 0.106537 0.563441
0.285945 0.003141 0.062303
0.103471 0.901707 0.582216
0.201653 0.977652 0.108953
0.721847 0.453417 0.564884
0.245683 0.415925 0.389555
0.373068 0.898319 0.498601
0.716132 0.561857 0.959302
0.824807 0.011418 0.037184
0.444467 0.084308 0.957715
0.992569 0.016047 0.772923
0.234985 0.061130 0.695153
0.026256 0.055793 0.371993
0.381829 0.153927 0.420734
0.370383 0.137583 0.046342
0.578466 0.321827 0.229372
0.214455 0.329852 0.445603
0.668011 0.927922 0.798056
0.258599 0.082614 0.772216
0.562140 0.306237 0.144859
0.004506 0.230931 0.826645
0.611945 0.300397 0.966722
0.513075 0.628309 0.341964
0.320043 0.519242 0.453025
0.805775 0.349102 0.058482
0.136100 0.671513 0.216526
0.593875 0.404998 0.997955
0.011875 0.422809 0.435075
0.938595 0.208150 0.141250
0.307873 0.760049 0.491384
0.496453 0.089661 0.154883
0.010590 0.929361 0.173729
0.308429 0.719143 0.633968
0.264412 0.047438 0.010624
0.197727 0.687479 0.671003
0.081767 0.426906 0.232302
0.990508 0.947154 0.758857
0.146577 0.343315 0.247108
0.487478 0.205477 0.924860
0.418431 0.191745 0.080357
0.187843 0.347046 0.207123
0.673405 0.760330 0.224565
0.052391 0.739971 0.866750
0.163009 0.423095 0.947001
0.725830 0.660813 0.294830
0.098867 0.474215 0.759876
0.232178 0.314022 0.912008
0.723511 0.444103 0.076333
0.030610 0.365061 0.197655
0.929125 0.113055 0.227308
0.665967 0.743223 0.845265
0.455793 0.482175 0.205332
0.007534 0.814740 0.480124
0.740466 0.215976 0.814753
0.693692 0.708057 0.453070
0.005891 0.174876 0.766360
0.566569 0.306319 0.443853
0.974299 0.251350 0.379841
0.801333 0.596881 0.402411
0.234284 0.810692 0.540693
0.315397 0.393389 0.087587
0.478725 0.865574 0.085034
0.543604 0.222358 0.405586
0.445615 0.778640 0.247867
0.267983 0.997065 0.658056
0.404146 0.843462 0.128525
0.588606 0.474620 0.109406
0.459713 0.476364 0.026603
0.780455 0.215776 0.142366
0.649472 0.953772 0.771925
0.798575 0.701309 0.807240
0.564504 0.499852 0.462272
0.464148 0.585922 0.352556
0.914140 0.088413 0.700011
0.070454 0.568536 0.498483
0.117846 0.405746 0.062571
0.484904 0.316057 0.368779
0.952575 0.588641 0.651684
0.432754 0.822481 0.605938
0.090546 0.606997 0.327219
0.847329 0.149787 0.088794
0.575737 0.885938 0.381585
0.566240 0.665188 0.497798
0.835435 0.064338 0.874179
0.296540 0.248440 0.836504
0.103805 0.368777 0.831779
0.873144 0.216246 0.929558
0.530067 0.248008 0.128771
0.830997 0.038428 0.534068
0.739492 0.072358 0.213550
0.466076 0.945588 0.813984
0.043950 0.845763 0.489988
0.850464 0.244533 0.777773
0.203992 0.896625 0.526777
0.310319 0.626122 0.651430
0.220597 0.606112 0.816781
0.142139 0.776161 0.696684
0.810350 0.287439 0.959682
0.556821 0.085975 0.419810
0.751743 0.878311 0.536872
0.470716 0.983036 0.158517
0.400115 0.739840 0.911593
0.748417 0.064563 0.805449
0.825621 0.385773 0.828561
0.078858 0.756240 0.260173
0.888447 0.416252 0.052555
0.996246 0.452138 0.021895
0.825925 0.146098 0.611327
0.208714 0.300829 0.627858
0.506667 0.503911 0.305890
0.392121 0.299552 0.415158
0.484596 0.982300 0.389127
0.528088 0.001915 0.452608
0.149336 0.188574 0.436906
0.477287 0.983572 0.580793
0.321869 0.466839 0.880603
0.292056 0.377117 0.017053
0.826320 0.245596 0.800572
0.822235 0.711092 0.930384
0.933807 0.955926 0.651637
0.512213 0.899252 0.242750
0.403953 0.193844 0.289127
0.565060 0.860189 0.156844
0.049745 0.456450 0.644588
0.940691 0.123626 0.783418
0.555916 0.083857 0.943505
0.327810 0.719886 0.209780
0.503222 0.908864 0.624549
0.064478 0.917098 0.259657
0.670858 0.715859 0.834317
0.162361 0.116093 0.765584
0.017440 0.155604 0.164997
0.662692 0.458527 0.609797
0.899404 0.571551 0.068970
0.765981 0.365373 0.928512
0.817468 0.943423 0.027972
0.610830 0.068802 0.247961
0.174037 0.182547 0.962673
0.300000 0.071272 0.845498
0.823403 0.587668 0.135921
0.924374 0.018308 0.024593
0.623334 0.775489 0.035706
0.201018 0.196037 0.018664
0.884779 0.479356 0.463551
0.767153 0.329636 0.071452
0.643769 0.557095 0.022726
0.803272 0.897636 0.739882
0.049721 0.017809 0.076814
0.854403 0.975007 0.905633
0.323376 0.879654 0.749384
0.970659 0.752290 0.014733
0.549257 0.145346 0.932330
0.751445 0.231964 0.018103
0.482998 0.732167 0.580686
0.256656 0.478503 0.974919
0.951428 0.776232 0.394444
0.681903 0.837707 0.461146
0.365467 0.076083 0.282371
0.556420 0.847260 0.868327
0.991810 0.446817 0.807059
0.787631 0.999372 0.297216
0.325572 0.291152 0.615383
0.817306 0.903211 0.326919
0.154328 0.220403 0.490598
0.203688 0.103756 0.280242
0.259615 0.261240 0.252640
0.367153 0.407285 0.525031
0.803733 0.318124 0.450934
0.970317 0.313251 0.929527
0.925936 0.390322 0.442658
0.488657 0.513393 0.195768
0.503403 0.008203 0.119706
0.415543 0.230101 0.229338
0.502993 0.727025 0.125084
0.824192 0.652442 0.562495
0.485291 0.754385 0.494249
0.235112 0.635501 0.292934
0.858027 0.011411 0.118904
0.224442 0.220946 0.153525
0.051069 0.131890 0.971127
0.373915 0.215642 0.896426
0.627842 0.321454 0.320421
0.762316 0.985220 0.620820
0.843237 0.131560 0.771521
0.271566 0.132806 0.218942
0.711217 0.599978 0.052841
0.233444 0.925065 0.052160
0.975060 0.237929 0.671055
0.196387 0.391377 0.984759
0.060324 0.026801 0.429269
0.529946 0.977962 0.873036
0.379676 0.393592 0.292309
0.869123 0.422371 0.469289
0.752992 0.631931 0.316025
0.777807 0.567219 0.205378
0.453428 0.180040 0.717990
0.494981 0.978153 0.586070
0.501871 0.109663 0.441595
0.792119 0.789168 0.773423
0.390616 0.438616 0.884850
0.537153 0.638222 0.140783
0.721058 0.545402 0.288282
0.188569 0.324182 0.460570
0.610536 0.730136 0.569480
0.883109 0.362155 0.548315
0.482127 0.590309 0.716954
0.406385 0.131819 0.121705
0.419574 0.670942 0.844066
0.967382 0.559984 0.539654
0.879323 0.229897 0.036849
0.757987 0.373868 0.581480
0.033262 0.451804 0.930698
0.362195 0.933070 0.104334
0.451587 0.494402 0.599815
0.516690 0.644330 0.945146
0.587777 0.706336 0.646868
0.795184 0.673194 0.804202
0.757816 0.372545 0.429050
0.616157 0.596159 0.505345
0.564074 0.509564 0.533483
0.718421 0.428503 0.839629
0.180750 0.863590 0.794435
0.339808 0.238461 0.163460
0.881847 0.169985 0.784687
0.839562 0.279369 0.156811
0.089909 0.296148 0.653998
0.214808 0.035987 0.913446
0.515975 0.436403 0.499597
0.906565 0.699368 0.431646
0.821185 0.363357 0.523707
0.437101 0.018713 0.028296
0.180198 0.006436 0.531592
0.538328 0.281693 0.357884
0.665863 0.518190 0.451385
0.183381 0.770533 0.646917
0.426820 0.505268 0.280784
0.405646 0.443818 0.611041
0.441209 0.304139 0.882977
0.412628 0.481299 0.229889
0.223959 0.221822 0.443046
0.315990 0.226865 0.257597
0.721997 0.024498 0.781246
0.915520 0.659772 0.248648
0.631440 0.401916 0.052528
0.138783 0.344221 0.003024
0.632938 0.947318 0.129870
0.874714 0.043704 0.259284
0.018128 0.006623 0.815482
0.201559 0.018943 0.778255
0.351936 0.156093 0.662796
0.973637 0.676040 0.336744
0.710530 0.128481 0.806295
0.212442 0.284447 0.291620
0.421518 0.174588 0.088163
0.602190 0.802834 0.230013
0.685156 0.899477 0.494006
0.698686 0.960062 0.529953
0.939196 0.450181 0.023209
0.390133 0.276278 0.762744
0.618208 0.718077 0.811871
0.769491 0.386236 0.293921
0.198555 0.892886 0.175766
0.466631 0.447729 0.857183
0.949847 0.183614 0.375070
0.226142 0.988520 0.865800
0.492207 0.105425 0.896504
0.300748 0.989385 0.947938
0.171735 0.078264 0.600409
0.502088 0.873107 0.653755
0.288056 0.365531 0.234461
